#xValues(km/s)	yValues(K)	simulate(Show Plot)	simulate(All Species)
10.817978515625	0.0022230865	0.0	0.0
10.67065234375	0.0014723532	0.0	0.0
10.523326171875	9.1135886E-4	0.0	0.0
10.3760009765625	0.0016111518	0.0	0.0
10.2286748046875	0.0013813616	0.0	0.0
10.0813486328125	-4.292957E-4	0.0	0.0
9.9340234375	-0.0015873626	0.0	0.0
9.786697265625	-3.273857E-4	0.0	0.0
9.6393720703125	0.0039823083	0.0	0.0
9.4920458984375	0.0012056377	0.0	0.0
9.3447197265625	-0.0020732284	0.0	0.0
9.19739453125	0.0013809089	0.0	0.0
9.050068359375	0.003095047	0.0	0.0
8.9027421875	-8.126284E-4	0.0	0.0
8.7554169921875	-0.0012192549	0.0	0.0
8.6080908203125	-0.0034755452	0.0	0.0
8.4607646484375	-0.001304824	0.0	0.0
8.313439453125	-7.646271E-4	0.0	0.0
8.16611328125	6.1896956E-4	0.0	0.0
8.01878759765625	-0.00349089	0.0	0.0
7.8714619140625	-0.007748574	0.0	0.0
7.72413623046875	-0.0077428753	0.0	0.0
7.57681005859375	-0.005554325	0.0	0.0
7.429484375	-0.0065811137	0.0	0.0
7.28215869140625	-0.0071213385	0.0	0.0
7.13483251953125	-5.2129605E-4	0.0	0.0
6.9875068359375	-0.002381291	0.0	0.0
6.84018115234375	-0.0060641747	0.0	0.0
6.69285546875	-0.0052768127	0.0	0.0
6.545529296875	-7.141601E-4	0.0	0.0
6.39820361328125	-0.0011006257	0.0	0.0
6.2508779296875	-0.001998793	1.4662905596196651E-4	1.4662905596196651E-4
6.1035517578125	5.212358E-4	0.0025497281458228827	0.0025497281458228827
5.95622607421875	0.008846941	0.013159341178834438	0.013159341178834438
5.808900390625	0.01685248	0.020190875977277756	0.020190875977277756
5.66157470703125	0.00655773	0.00922838319092989	0.00922838319092989
5.51424853515625	-0.005570082	0.0012527977814897895	0.0012527977814897895
5.3669228515625	-0.002668092	5.048810999142006E-5	5.048810999142006E-5
5.21959716796875	-0.0020446135	0.0	0.0
5.07227099609375	-0.0043945643	0.0	0.0
4.9249453125	-0.004996282	0.0	0.0
4.77761962890625	4.1926873E-4	0.0	0.0
4.6302939453125	-0.0011053621	0.0	0.0
4.4829677734375	-0.0034824288	0.0	0.0
4.33564208984375	-0.0058874446	0.0	0.0
4.18831640625	3.0207373E-5	0.0	0.0
4.040990478515625	0.0014007699	0.0	0.0
3.89366455078125	-0.0052014412	0.0	0.0
3.7463388671875	-0.0065726065	0.0	0.0
3.599012939453125	-0.0043308684	0.0	0.0
3.451687255859375	0.0011550162	0.0	0.0
3.304361328125	9.5294585E-4	0.0	0.0
3.15703564453125	-2.2845968E-4	0.0	0.0
3.009709716796875	-5.3682696E-4	0.0	0.0
2.862384033203125	-8.382044E-4	0.0	0.0
2.71505810546875	-0.001966817	0.0	0.0
2.567732177734375	-6.682653E-5	0.0	0.0
2.420406494140625	-0.0013505998	0.0	0.0
2.27308056640625	2.4614952E-4	0.0	0.0
2.1257548828125	0.001274463	0.0	0.0
1.978428955078125	0.0042311787	0.0	0.0
1.8311031494140626	-5.09461E-4	0.0	0.0
1.68377734375	0.0019307778	0.0	0.0
1.5364515380859376	0.0028519407	0.0	0.0
1.389125732421875	0.0025688305	0.0	0.0
1.2417999267578126	-2.0241123E-4	0.0	0.0
1.09447412109375	-0.005034182	0.0	0.0
0.9471482543945312	-0.0013309047	0.0	0.0
0.7998224487304687	-0.0015529608	0.0	0.0
