#xValues(km/s)	yValues(K)	simulate(Show Plot)	simulate(All Species)
10.771205078125	0.0047059595	0.0	0.0
10.637271484375	0.0013879805	0.0	0.0
10.503337890625	0.001442788	0.0	0.0
10.369404296875	0.0077650426	0.0	0.0
10.235470703125	-0.003133677	0.0	0.0
10.101537109375	-0.006250796	0.0	0.0
9.967603515625	-0.0033122622	0.0	0.0
9.833669921875	0.010596699	0.0	0.0
9.6997373046875	-4.168807E-4	0.0	0.0
9.5658037109375	-0.011550245	0.0	0.0
9.4318701171875	9.3174924E-4	0.0	0.0
9.2979365234375	0.0064187623	0.0	0.0
9.1640029296875	-0.0067040394	0.0	0.0
9.0300693359375	0.009777978	0.0	0.0
8.8961357421875	0.008043382	0.0	0.0
8.7622021484375	-0.024737036	0.0	0.0
8.6282685546875	-0.009746343	0.0	0.0
8.4943359375	8.7299163E-4	0.0	0.0
8.36040234375	-0.0035362844	0.0	0.0
8.22646875	-0.007888792	0.0	0.0
8.09253515625	0.0076677115	0.0	0.0
7.9586015625	-0.0061267135	0.0	0.0
7.82466796875	0.009564011	0.0	0.0
7.69073486328125	-9.917185E-4	0.0	0.0
7.55680126953125	-0.0017907545	0.0	0.0
7.42286767578125	-0.001823408	0.0	0.0
7.28893408203125	5.8970304E-4	0.0	0.0
7.15500048828125	-0.0015179649	0.0	0.0
7.0210673828125	4.1644595E-4	0.0	0.0
6.8871337890625	-0.006927692	0.0	0.0
6.7532001953125	5.795277E-4	0.0	0.0
6.6192666015625	-0.011966947	0.0	0.0
6.48533349609375	-0.010975506	0.0	0.0
6.35139990234375	0.009219532	5.883256562810857E-6	5.883256562810857E-6
6.21746630859375	0.0031714458	1.7618077981751412E-4	1.7618077981751412E-4
6.08353271484375	-0.0021812073	0.0019347647903487086	0.0019347647903487086
5.94959912109375	0.005131572	0.0077888392843306065	0.0077888392843306065
5.815666015625	0.019837119	0.011504695750772953	0.011504695750772953
5.681732421875	0.0057445862	0.006241064518690109	0.006241064518690109
5.547798828125	0.003849581	0.0012418009573593736	0.0012418009573593736
5.413865234375	-0.0014104771	9.058068098966032E-5	9.058068098966032E-5
5.27993212890625	-0.0018679015	2.423150363028981E-6	2.423150363028981E-6
5.14599853515625	2.4466892E-4	0.0	0.0
5.01206494140625	-7.307692E-5	0.0	0.0
4.87813134765625	-0.0137898	0.0	0.0
4.7441982421875	0.0040248735	0.0	0.0
4.6102646484375	-0.00515368	0.0	0.0
4.4763310546875	-0.021518286	0.0	0.0
4.3423974609375	-0.0055927895	0.0	0.0
4.2084638671875	0.0104388995	0.0	0.0
4.074530517578125	0.0013007692	0.0	0.0
3.94059716796875	-0.0034385002	0.0	0.0
3.80666357421875	-0.0056808516	0.0	0.0
3.672730224609375	0.002793111	0.0	0.0
3.538796630859375	0.0016804916	0.0	0.0
3.40486328125	-0.01458347	0.0	0.0
3.2709296875	0.0045544496	0.0	0.0
3.136996337890625	-0.010950437	0.0	0.0
3.003062744140625	-0.019295823	0.0	0.0
2.869129150390625	-0.0130570885	0.0	0.0
2.73519580078125	-0.02032223	0.0	0.0
2.60126220703125	-0.023178888	0.0	0.0
2.467328857421875	0.0043873903	0.0	0.0
2.333395263671875	0.0024428966	0.0	0.0
2.1994619140625	-0.0076824194	0.0	0.0
2.0655283203125	-0.0019379259	0.0	0.0
1.9315948486328125	-6.623174E-5	0.0	0.0
1.797661376953125	0.016313357	0.0	0.0
1.6637279052734375	-0.012712239	0.0	0.0
1.52979443359375	0.00783662	0.0	0.0
1.3958609619140625	0.0035429355	0.0	0.0
1.261927490234375	-0.0020831546	0.0	0.0
1.1279940185546875	0.01419903	0.0	0.0
0.9940604858398437	-6.812804E-4	0.0	0.0
0.8601270141601562	-0.0047482424	0.0	0.0
