10.7305546875	0.012770515	0.0
10.5780224609375	0.015557051	0.0
10.4254912109375	-0.013298302	0.0
10.2729599609375	-0.0076154247	0.0
10.120427734375	-0.006734654	0.0
9.967896484375	0.0060412344	0.0
9.8153642578125	-0.013056408	0.0
9.6628330078125	0.013866375	0.0
9.51030078125	-0.016744174	0.0
9.35776953125	0.0057511446	0.0
9.2052373046875	-0.022486174	0.0
9.0527060546875	1.4125311E-4	0.0
8.900173828125	0.009772607	0.0
8.747642578125	-0.0031079522	0.0
8.595111328125	0.008207703	0.0
8.4425791015625	0.014607032	0.0
8.2900478515625	-0.009375425	0.0
8.137515625	-0.009615241	0.0
7.984984375	-0.0039664838	0.0
7.83245263671875	0.0070012077	0.0
7.6799208984375	0.0061356747	0.0
7.52738916015625	-0.0019848463	0.0
7.374857421875	-0.005650681	0.0
7.22232568359375	0.011835411	0.0
7.0697939453125	-0.0156012485	0.0
6.91726220703125	-0.0075463876	0.0
6.76473046875	-0.013536468	0.0
6.61219873046875	0.00911947	0.0
6.4596669921875	-0.007995154	0.0
6.3071357421875	0.008861061	0.0
6.15460400390625	0.0041671935	2.702587516978383E-4
6.002072265625	0.020678619	0.005126043688505888
5.84954052734375	0.016695598	0.01935184933245182
5.6970087890625	0.008094259	0.014596941880881786
5.54447705078125	-0.0023735128	0.0021965280175209045
5.3919453125	-0.008705044	6.57804193906486E-5
5.23941357421875	-0.017440133	0.0
5.0868818359375	-0.028159196	0.0
4.93435009765625	0.008416819	0.0
4.78181884765625	-0.0046784924	0.0
4.629287109375	-0.00245327	0.0
4.47675537109375	-0.038099997	0.0
4.3242236328125	0.011191378	0.0
4.17169189453125	0.018907065	0.0
4.01916015625	-0.0027974371	0.0
3.86662841796875	-0.024835702	0.0
3.7140966796875	-0.010681672	0.0
3.561565185546875	-0.0066621797	0.0
3.409033447265625	-0.009444877	0.0
3.256501708984375	-0.010682947	0.0
3.103969970703125	-0.012065588	0.0
2.951438232421875	-0.0024947647	0.0
2.79890673828125	-0.007266391	0.0
2.646375	2.795789E-4	0.0
2.49384326171875	0.030056268	0.0
2.3413115234375	0.0055892775	0.0
2.18877978515625	-8.133211E-4	0.0
2.0362481689453125	0.0052687326	0.0
1.8837164306640626	0.022627478	0.0
1.731184814453125	-0.0015958081	0.0
1.578653076171875	-0.018785916	0.0
1.4261214599609375	-0.018338611	0.0
1.2735897216796874	0.004112826	0.0
1.1210579833984375	0.030802337	0.0
0.9685263061523437	0.019812923	0.0
0.81599462890625	0.00823647	0.0
