10.8636923828125	-0.0047177733	0.0
10.7111357421875	0.006966208	0.0
10.558578125	-0.0021732973	0.0
10.406021484375	-0.0026023318	0.0
10.2534638671875	0.0022734127	0.0
10.1009072265625	0.0012393739	0.0
9.948349609375	-0.0015166039	0.0
9.79579296875	0.017639484	0.0
9.6432353515625	0.0070659365	0.0
9.4906787109375	-0.009979397	0.0
9.33812109375	0.014229598	0.0
9.1855634765625	-0.01030319	0.0
9.0330068359375	-0.0043270267	0.0
8.88044921875	-0.0056463024	0.0
8.727892578125	0.002022854	0.0
8.5753349609375	-0.00755236	0.0
8.4227783203125	-0.011511744	0.0
8.270220703125	-0.0046274294	0.0
8.11766357421875	-0.00925772	0.0
7.9651064453125	-0.005706855	0.0
7.81254931640625	-0.009081375	0.0
7.6599921875	-0.018426608	0.0
7.50743505859375	0.01834498	0.0
7.3548779296875	0.0055797533	0.0
7.20232080078125	-0.008937939	0.0
7.049763671875	-0.010008829	0.0
6.89720654296875	0.009112747	0.0
6.7446494140625	0.0031527726	0.0
6.59209228515625	0.015118189	0.0
6.43953515625	0.011559363	0.0
6.28697802734375	5.5595E-5	5.60628450330114E-6
6.1344208984375	-0.007459613	4.316462727729231E-4
5.98186376953125	-0.0048087565	0.0066145663149654865
5.82930615234375	0.025939329	0.020169345661997795
5.6767490234375	-0.013034757	0.012285561300814152
5.52419189453125	-0.0037261648	0.0014911418547853827
5.371634765625	0.018325374	3.600414129323326E-5
5.21907763671875	-0.0070146383	0.0
5.0665205078125	-9.532053E-4	0.0
4.91396337890625	0.022081893	0.0
4.76140625	6.076659E-4	0.0
4.60884912109375	-0.015388454	0.0
4.4562919921875	-0.026530435	0.0
4.30373486328125	-0.028662935	0.0
4.151177734375	-0.007934658	0.0
3.998620361328125	0.0062409467	0.0
3.846063232421875	-0.0044586626	0.0
3.693506103515625	0.012119048	0.0
3.540948974609375	0.016398264	0.0
3.388391845703125	-1.3673167E-4	0.0
3.235834716796875	0.0074907835	0.0
3.08327734375	0.021356761	0.0
2.93072021484375	-0.0074187852	0.0
2.7781630859375	0.0011679834	0.0
2.62560595703125	-2.704917E-4	0.0
2.473048828125	0.0018433409	0.0
2.32049169921875	4.219846E-4	0.0
2.1679345703125	0.0016900939	0.0
2.0153773193359377	-0.008301726	0.0
1.8628201904296875	-0.006640934	0.0
1.7102630615234375	-0.01766419	0.0
1.557705810546875	-0.008363277	0.0
1.405148681640625	-0.011959199	0.0
1.252591552734375	0.006607208	0.0
1.1000343017578125	-0.011971521	0.0
0.9474771728515625	0.0055839913	0.0
0.7949200439453125	0.004095498	0.0
