10.813296875	0.010090118	0.0
10.628365234375	0.0020891882	0.0
10.4434326171875	-0.002633025	0.0
10.2585	-0.0019332906	0.0
10.0735673828125	0.0059241024	0.0
9.888634765625	0.007586287	0.0
9.7037021484375	-0.0021298765	0.0
9.51876953125	2.5378444E-4	0.0
9.3338369140625	0.0016348481	0.0
9.148904296875	0.0034178346	0.0
8.9639716796875	7.4195635E-4	0.0
8.7790390625	-0.010499891	0.0
8.594107421875	-0.0054028207	0.0
8.4091748046875	0.0037076164	0.0
8.2242421875	0.0058124126	0.0
8.0393095703125	0.003963566	0.0
7.854376953125	0.0035656125	0.0
7.6694443359375	-0.0012329251	0.0
7.48451171875	0.0010038604	0.0
7.2995791015625	-0.0013542688	0.0
7.114646484375	-0.011361928	0.0
6.92971435546875	-0.0039109685	0.0
6.74478173828125	0.0014646059	0.0
6.55984912109375	-0.003715736	0.0
6.37491650390625	0.0011244825	0.0
6.18998388671875	0.0029277683	8.7782769696787E-5
6.00505126953125	0.0044809687	0.003979251254349947
5.820119140625	0.0020646488	0.016825120896100998
5.6351865234375	-0.0025050046	0.006663401145488024
5.45025390625	-8.6528494E-4	2.463168930262327E-4
5.2653212890625	-6.6337606E-4	0.0
5.080388671875	-0.004225831	0.0
4.8954560546875	0.0021980056	0.0
4.71052392578125	0.006168278	0.0
4.52559130859375	0.0015235802	0.0
4.34065869140625	-0.0032349725	0.0
4.15572607421875	-8.87128E-4	0.0
3.97079345703125	0.0046445834	0.0
3.785861083984375	1.3916504E-4	0.0
3.600928466796875	0.0023128812	0.0
3.41599609375	0.006426124	0.0
3.2310634765625	-0.0032394796	0.0
3.046130859375	9.3050627E-4	0.0
2.861198486328125	0.040024277	0.0
2.676265869140625	0.066315114	0.0
2.491333251953125	0.028201988	0.0
2.30640087890625	0.005599085	0.0
2.12146826171875	0.008371855	0.0
1.93653564453125	0.005884875	0.0
1.7516031494140625	9.4378006E-4	0.0
1.566670654296875	-0.00771391	0.0
1.381738037109375	-0.009046343	0.0
1.1968055419921875	-0.008106892	0.0
1.011873046875	-0.008602286	0.0
0.8269404907226563	-0.0026983393	0.0
