10.761865234375	0.0043198024	0.0
10.6054501953125	-0.008795415	0.0
10.4490341796875	-6.5464794E-4	0.0
10.292619140625	-0.017490529	0.0
10.1362041015625	-0.0028347513	0.0
9.9797890625	0.012525687	0.0
9.8233740234375	-0.0026309087	0.0
9.666958984375	0.0039056886	0.0
9.5105439453125	-0.009227575	0.0
9.35412890625	-0.0046102414	0.0
9.1977138671875	-0.010667416	0.0
9.041298828125	0.0011305923	0.0
8.8848837890625	0.006703435	0.0
8.72846875	0.01031631	0.0
8.5720537109375	0.0066236947	0.0
8.4156376953125	-0.0039618216	0.0
8.25922265625	-7.600577E-4	0.0
8.10280810546875	0.012448024	0.0
7.946392578125	0.014994558	0.0
7.7899775390625	-0.0065327156	0.0
7.6335625	-0.0018445448	0.0
7.4771474609375	-0.010119545	0.0
7.320732421875	0.0038169278	0.0
7.1643173828125	-0.008534217	0.0
7.00790185546875	7.7564927E-4	0.0
6.85148681640625	0.01066026	0.0
6.69507177734375	-0.013903991	0.0
6.53865673828125	0.0027471401	0.0
6.38224169921875	-0.002914601	0.0
6.22582666015625	0.0032195882	2.77047511190176E-5
6.0694111328125	-5.543556E-4	0.0012011416256427765
5.91299609375	0.008283928	0.009540693834424019
5.7565810546875	0.008911568	0.01390470378100872
5.600166015625	0.0012283517	0.0037235263735055923
5.4437509765625	4.6279925E-4	1.8269394058734179E-4
5.2873359375	-0.006858007	0.0
5.1309208984375	-0.0033806833	0.0
4.97450537109375	-0.007723036	0.0
4.81809033203125	-0.0047849016	0.0
4.66167529296875	-0.0015289579	0.0
4.50526025390625	-1.4008755E-4	0.0
4.34884521484375	-0.0045737107	0.0
4.19243017578125	0.014297321	0.0
4.036014892578125	0.010508434	0.0
3.879599853515625	0.0016497578	0.0
3.7231845703125	-0.0048431987	0.0
3.56676953125	-0.0094160745	0.0
3.4103544921875	0.009011926	0.0
3.253939208984375	0.006277891	0.0
3.097524169921875	0.02005613	0.0
2.941109130859375	0.0075871204	0.0
2.78469384765625	0.010173375	0.0
2.62827880859375	0.004619695	0.0
2.47186376953125	-9.621312E-4	0.0
2.315448486328125	-0.012062931	0.0
2.159033447265625	-4.877631E-4	0.0
2.002618408203125	-0.0063438704	0.0
1.8462032470703125	0.0060689524	0.0
1.6897880859375	-0.018707998	0.0
1.533373046875	-0.017063895	0.0
1.3769578857421876	-8.85187E-4	0.0
1.2205428466796875	0.0069357627	0.0
1.064127685546875	-0.0040116333	0.0
0.9077125854492187	5.9989747E-5	0.0
0.7512974243164062	0.005105473	0.0
