10.8242001953125	-0.019620389	0.0
10.66780859375	-0.004295759	0.0
10.51141796875	-0.0054177656	0.0
10.3550263671875	0.0030170921	0.0
10.1986357421875	0.0020453518	0.0
10.042244140625	4.1390938E-4	0.0
9.885853515625	0.011672228	0.0
9.7294619140625	0.002582921	0.0
9.5730703125	-0.016142134	0.0
9.4166796875	-0.0012441108	0.0
9.2602880859375	0.017939856	0.0
9.1038974609375	0.0099783065	0.0
8.947505859375	0.004172606	0.0
8.791115234375	-0.0056503993	0.0
8.6347236328125	-0.0042782547	0.0
8.4783330078125	0.010718158	0.0
8.32194140625	0.006233788	0.0
8.16555029296875	0.004149696	0.0
8.0091591796875	0.00401103	0.0
7.85276806640625	0.01658548	0.0
7.69637646484375	0.0018678993	0.0
7.5399853515625	-0.0134056145	0.0
7.38359423828125	-0.008846805	0.0
7.227203125	-0.012120965	0.0
7.07081201171875	0.0013023065	0.0
6.9144208984375	-0.0028604802	0.0
6.75802978515625	-0.006632173	0.0
6.601638671875	-0.010341521	0.0
6.4452470703125	-0.00788167	0.0
6.28885595703125	0.0014469669	3.714656941156136E-6
6.13246484375	6.415149E-4	3.188660484738648E-4
5.97607373046875	0.00166916	0.0050191571936011314
5.8196826171875	0.002298693	0.014486497268080711
5.66329150390625	0.013923239	0.007688384503126144
5.506900390625	-0.0061440407	7.486919057555497E-4
5.35050927734375	-0.0015539004	1.3365907761908602E-5
5.19411767578125	-0.001068769	0.0
5.0377265625	-0.0023646683	0.0
4.88133544921875	0.021386735	0.0
4.7249443359375	0.015224219	0.0
4.56855322265625	-0.0065641697	0.0
4.412162109375	-0.0026770341	0.0
4.25577099609375	0.008481407	0.0
4.0993798828125	-0.012650446	0.0
3.942988525390625	-0.0101048825	0.0
3.786597412109375	-0.002489318	0.0
3.6302060546875	0.0011992732	0.0
3.47381494140625	-0.0030578834	0.0
3.317423828125	0.0063863536	0.0
3.16103271484375	0.017265936	0.0
3.004641357421875	-0.0030346126	0.0
2.848250244140625	0.0030301097	0.0
2.691859130859375	-2.1793768E-4	0.0
2.535468017578125	-0.011376818	0.0
2.37907666015625	-0.012154157	0.0
2.222685546875	0.010585159	0.0
2.06629443359375	0.0077322503	0.0
1.9099031982421875	-0.005195381	0.0
1.7535120849609376	0.0061218264	0.0
1.597120849609375	-0.0068361256	0.0
1.440729736328125	4.3082694E-4	0.0
1.2843385009765624	0.0054794806	0.0
1.1279473876953126	8.902851E-5	0.0
0.97155615234375	-0.011462254	0.0
0.8151649780273438	0.009646627	0.0
