10.8204033203125	-0.006639882	0.0
10.6689287109375	-0.015840752	0.0
10.517453125	-8.958352E-5	0.0
10.3659775390625	0.003381779	0.0
10.214501953125	-0.0013589587	0.0
10.0630263671875	-0.011057049	0.0
9.9115517578125	-0.022848152	0.0
9.760076171875	-0.033795368	0.0
9.6086005859375	-0.019860547	0.0
9.457125	0.006729154	0.0
9.305650390625	0.004369599	0.0
9.1541748046875	-0.010470751	0.0
9.00269921875	-0.001214673	0.0
8.8512236328125	0.020433014	0.0
8.699748046875	0.007994643	0.0
8.5482734375	-0.009991339	0.0
8.3967978515625	0.009592574	0.0
8.245322265625	0.011122435	0.0
8.09384716796875	0.0010680972	0.0
7.94237158203125	0.005509123	0.0
7.79089599609375	0.022324072	0.0
7.6394208984375	0.0070088874	0.0
7.4879453125	5.3552433E-4	0.0
7.33647021484375	-0.01018555	0.0
7.18499462890625	-6.6220993E-4	0.0
7.03351953125	0.0018011067	0.0
6.8820439453125	-0.0038483725	0.0
6.730568359375	-0.003190092	0.0
6.57909326171875	-0.0034470912	0.0
6.42761767578125	0.017613484	0.0
6.276142578125	-0.0081339935	1.8080321524394094E-6
6.1246669921875	0.0061793434	1.211582639371045E-4
5.97319189453125	-0.012556974	0.0016541404183954
5.82171630859375	-0.0018180235	0.00460112513974309
5.6702412109375	0.0027097838	0.002609760733321309
5.518765625	0.013092673	3.016554401256144E-4
5.3672900390625	0.0014530947	7.103279131115414E-6
5.21581494140625	0.012730548	0.0
5.06433935546875	0.008472482	0.0
4.9128642578125	-0.0016621482	0.0
4.761388671875	0.0074550444	0.0
4.60991357421875	-4.0433477E-4	0.0
4.45843798828125	-0.0015366358	0.0
4.30696240234375	-0.012367823	0.0
4.1554873046875	0.0076964167	0.0
4.004011962890625	-0.018930057	0.0
3.852536376953125	0.013483065	0.0
3.70106103515625	-0.007792961	0.0
3.549585693359375	-0.0020817143	0.0
3.3981103515625	3.9524195E-4	0.0
3.246635009765625	0.0031836834	0.0
3.09515966796875	-0.0015821138	0.0
2.943684326171875	-0.002471748	0.0
2.792208984375	-0.0049443636	0.0
2.6407333984375	0.011227487	0.0
2.489258056640625	-0.0018964353	0.0
2.33778271484375	0.003952623	0.0
2.186307373046875	-0.024823643	0.0
2.03483203125	-0.014133831	0.0
1.883356689453125	0.010456392	0.0
1.7318812255859375	-0.0012954016	0.0
1.5804058837890624	-0.010152829	0.0
1.4289305419921876	-0.02309047	0.0
1.277455078125	0.0045857537	0.0
1.125979736328125	-0.009899733	0.0
0.97450439453125	-0.0010831238	0.0
0.8230289916992187	-0.005033735	0.0
