11.8146552734375	-0.0027106167	0.0
11.6628544921875	-0.009482732	0.0
11.5110537109375	0.00687288	0.0
11.35925390625	-0.038943127	0.0
11.207453125	-0.00474956	0.0
11.05565234375	0.011831755	0.0
10.9038515625	-5.2488345E-4	0.0
10.75205078125	-0.019858133	0.0
10.60025	0.0018829532	0.0
10.44844921875	0.005961587	0.0
10.2966494140625	-0.0033567792	0.0
10.1448486328125	0.018514443	0.0
9.9930478515625	0.018393489	0.0
9.8412470703125	0.00459355	0.0
9.6894462890625	-0.0041154874	0.0
9.5376455078125	-0.0021833784	0.0
9.385845703125	-0.004442596	0.0
9.234044921875	-0.0012861863	0.0
9.082244140625	0.01464597	0.0
8.930443359375	-0.0016392509	0.0
8.778642578125	-0.0104770195	0.0
8.626841796875	-0.010853314	0.0
8.4750419921875	-2.6593922E-4	0.0
8.3232412109375	0.008892954	0.0
8.1714404296875	-0.006166276	0.0
8.0196396484375	0.011545625	0.0
7.8678388671875	0.0154888565	0.0
7.71603857421875	0.010540382	0.0
7.56423779296875	-0.009312025	0.0
7.41243701171875	0.0035095606	0.0
7.26063671875	-0.01061622	0.0
7.1088359375	0.016389987	0.0
6.95703515625	-0.0052026	0.0
6.80523486328125	0.0055502453	0.0
6.65343408203125	-3.6504533E-4	0.0
6.50163330078125	-0.0011607152	0.0
6.34983251953125	-0.029128013	0.0
6.1980322265625	-0.029628288	1.6851779946591705E-5
6.0462314453125	-0.023996823	4.99959453009069E-4
5.8944306640625	0.0028860834	0.003001051489263773
5.74263037109375	0.017680239	0.0036468924954533577
5.59082958984375	-0.015060046	8.97402293048799E-4
5.43902880859375	-0.0038038786	4.46795929747168E-5
5.287228515625	0.0016849848	0.0
5.135427734375	8.2331826E-4	0.0
4.983626953125	0.0026866123	0.0
4.83182666015625	0.0022699449	0.0
4.68002587890625	-5.067598E-4	0.0
4.52822509765625	-0.007823444	0.0
4.3764248046875	0.005896969	0.0
4.2246240234375	0.0036841892	0.0
4.0728232421875	0.0183838	0.0
3.921022705078125	-0.0041607353	0.0
3.76922216796875	-0.0025249547	0.0
3.61742138671875	0.004825571	0.0
3.465620849609375	0.0050616716	0.0
3.3138203125	-0.016231326	0.0
3.16201953125	-9.6332974E-4	0.0
3.010218994140625	0.0050927917	0.0
2.858418212890625	0.009627521	0.0
2.70661767578125	0.0047765127	0.0
2.554817138671875	3.2752223E-4	0.0
2.403016357421875	-0.030120967	0.0
2.2512158203125	-0.0048762197	0.0
2.099415283203125	-0.0025356887	0.0
1.947614501953125	-0.022664933	0.0
1.79581396484375	-0.024148906	0.0
1.6440133056640625	-0.0019434815	0.0
1.492212646484375	0.02563994	0.0
1.3404119873046876	0.009964738	0.0
1.1886114501953124	0.009640634	0.0
1.036810791015625	1.7696952E-4	0.0
0.8850101318359375	0.0110875815	0.0
0.7332095336914063	0.01802278	0.0
0.5814088745117187	-0.015267882	0.0
0.4296082763671875	-0.011937392	0.0
0.2778076477050781	-0.023377242	0.0
0.12600701904296874	-0.016703507	0.0
-0.025793609619140626	0.014608898	0.0
-0.17759423828125	5.734867E-4	0.0
