10.75205078125	-0.030224325	0.0
10.60025	-0.00869969	0.0
10.44844921875	-0.004708548	0.0
10.2966494140625	-0.014100559	0.0
10.1448486328125	0.007773958	0.0
9.9930478515625	0.0076801977	0.0
9.8412470703125	-0.006075256	0.0
9.6894462890625	-0.0145050185	0.0
9.5376455078125	-0.012289505	0.0
9.385845703125	-0.014108473	0.0
9.234044921875	-0.010822582	0.0
9.082244140625	0.0055691004	0.0
8.930443359375	-0.010323495	0.0
8.778642578125	-0.01875655	0.0
8.626841796875	-0.018847194	0.0
8.4750419921875	-0.0074074888	0.0
8.3232412109375	0.0022954422	0.0
8.1714404296875	-0.011994879	0.0
8.0196396484375	0.0061376086	0.0
7.8678388671875	0.010515997	0.0
7.71603857421875	0.0066657835	0.0
7.56423779296875	-0.01215736	0.0
7.41243701171875	0.001057879	0.0
7.26063671875	-0.012548879	0.0
7.1088359375	0.014931726	0.0
6.95703515625	-0.0059720953	0.0
6.80523486328125	0.0053149457	0.0
6.65343408203125	-8.494233E-4	0.0
6.50163330078125	-0.0018373599	0.0
6.34983251953125	-0.029923463	0.0
6.1980322265625	-0.030113965	1.9272205463494174E-5
6.0462314453125	-0.024198065	5.717690219171345E-4
5.8944306640625	0.0027394814	0.003432102734223008
5.74263037109375	0.017621182	0.004170710686594248
5.59082958984375	-0.014816357	0.0010262973373755813
5.43902880859375	-0.0031040956	5.109694029670209E-5
5.287228515625	0.0026576286	0.0
5.135427734375	0.0016905756	0.0
4.983626953125	0.003336703	0.0
4.83182666015625	0.003084885	0.0
4.68002587890625	5.4824806E-4	0.0
4.52822509765625	-0.0067173154	0.0
4.3764248046875	0.0070205242	0.0
4.2246240234375	0.004841156	0.0
4.0728232421875	0.019617321	0.0
3.921022705078125	-0.0028908786	0.0
3.76922216796875	-0.0015311298	0.0
3.61742138671875	0.0057165525	0.0
3.465620849609375	0.0059263417	0.0
3.3138203125	-0.015286502	0.0
3.16201953125	1.40160755E-5	0.0
3.010218994140625	0.006294377	0.0
2.858418212890625	0.011055344	0.0
2.70661767578125	0.0064947763	0.0
2.554817138671875	0.0021494674	0.0
2.403016357421875	-0.028363477	0.0
2.2512158203125	-0.0037626626	0.0
2.099415283203125	-0.0020718572	0.0
1.947614501953125	-0.022812275	0.0
1.79581396484375	-0.024833126	0.0
1.6440133056640625	-0.0032051052	0.0
1.492212646484375	0.023558585	0.0
1.3404119873046876	0.0074358503	0.0
1.1886114501953124	0.007316039	0.0
1.036810791015625	-0.0011216296	0.0
0.8850101318359375	0.010389165	0.0
0.7332095336914063	0.01800672	0.0
