11.729255859375	0.011157783	0.0
11.5777802734375	-4.4344473E-4	0.0
11.4263046875	0.0122825615	0.0
11.274830078125	0.0056878673	0.0
11.1233544921875	7.8587665E-4	0.0
10.97187890625	0.009978215	0.0
10.8204033203125	-0.0077710557	0.0
10.6689287109375	-0.016803743	0.0
10.517453125	-7.4865075E-4	0.0
10.3659775390625	0.0029617685	0.0
10.214501953125	-0.0017593439	0.0
10.0630263671875	-0.011566755	0.0
9.9115517578125	-0.023037214	0.0
9.760076171875	-0.033703614	0.0
9.6086005859375	-0.019500751	0.0
9.457125	0.0072122863	0.0
9.305650390625	0.004988987	0.0
9.1541748046875	-0.009572147	0.0
9.00269921875	1.5473563E-5	0.0
8.8512236328125	0.021273604	0.0
8.699748046875	0.008394704	0.0
8.5482734375	-0.009859262	0.0
8.3967978515625	0.009135138	0.0
8.245322265625	0.010251908	0.0
8.09384716796875	-3.2618114E-5	0.0
7.94237158203125	0.00388957	0.0
7.79089599609375	0.02041369	0.0
7.6394208984375	0.004908924	0.0
7.4879453125	-0.0017394508	0.0
7.33647021484375	-0.012143509	0.0
7.18499462890625	-0.0026940445	0.0
7.03351953125	-3.064027E-4	0.0
6.8820439453125	-0.0059137074	0.0
6.730568359375	-0.005197173	0.0
6.57909326171875	-0.0053307093	0.0
6.42761767578125	0.016112382	0.0
6.276142578125	-0.009195254	1.5800319488334935E-6
6.1246669921875	0.0056157783	1.0587970609776676E-4
5.97319189453125	-0.012733585	0.001445544883608818
5.82171630859375	-0.0020605696	0.004020891152322292
5.6702412109375	0.0022482735	0.0022806550841778517
5.518765625	0.012358705	2.636154240462929E-4
5.3672900390625	2.2639509E-4	6.207526894286275E-6
5.21581494140625	0.011629917	0.0
5.06433935546875	0.00745335	0.0
4.9128642578125	-0.0025915962	0.0
4.761388671875	0.006549829	0.0
4.60991357421875	-0.0014196538	0.0
4.45843798828125	-0.0024800836	0.0
4.30696240234375	-0.012948272	0.0
4.1554873046875	0.0071174125	0.0
4.004011962890625	-0.019363182	0.0
3.852536376953125	0.013283991	0.0
3.70106103515625	-0.0076507	0.0
3.549585693359375	-0.0013834918	0.0
3.3981103515625	0.0016194304	0.0
3.246635009765625	0.0045770993	0.0
3.09515966796875	-3.082175E-4	0.0
2.943684326171875	-0.0012331893	0.0
2.792208984375	-0.0037059851	0.0
2.6407333984375	0.012378627	0.0
2.489258056640625	-0.0012827916	0.0
2.33778271484375	0.004166945	0.0
2.186307373046875	-0.024687413	0.0
2.03483203125	-0.014050549	0.0
1.883356689453125	0.010400114	0.0
1.7318812255859375	-0.0010765503	0.0
1.5804058837890624	-0.009649266	0.0
1.4289305419921876	-0.021816624	0.0
1.277455078125	0.006582515	0.0
1.125979736328125	-0.0071920035	0.0
0.97450439453125	0.0021581713	0.0
0.8230289916992187	-0.0016455569	0.0
0.6715536499023438	0.012537377	0.0
0.5200782470703125	0.018501496	0.0
0.3686029052734375	-0.0057141227	0.0
0.2171275177001953	0.0041881613	0.0
0.06565215301513672	0.010196147	0.0
-0.08582321929931641	5.0516776E-4	0.0
-0.23729859924316407	-0.0143255405	0.0
