10.7778818359375	0.010561965	0.0
10.6261591796875	0.0072818897	0.0
10.4744375	0.0059020813	0.0
10.32271484375	0.02258919	0.0
10.1709931640625	-0.011054316	0.0
10.0192705078125	-0.016163642	0.0
9.867548828125	-0.011547248	0.0
9.7158271484375	0.0013744556	0.0
9.5641044921875	-0.017309317	0.0
9.4123828125	-0.0033010622	0.0
9.26066015625	-0.0033382017	0.0
9.1089384765625	0.00515656	0.0
8.9572158203125	0.01255806	0.0
8.805494140625	0.0051721	0.0
8.6537724609375	0.004299714	0.0
8.5020498046875	6.6906656E-4	0.0
8.350328125	-0.0058380216	0.0
8.19860546875	-0.0044803675	0.0
8.0468837890625	0.0012856678	0.0
7.89516162109375	0.0036127043	0.0
7.743439453125	0.018766	0.0
7.59171728515625	-0.016146882	0.0
7.4399951171875	1.21633006E-4	0.0
7.28827294921875	-0.0018810024	0.0
7.13655126953125	0.015955862	0.0
6.9848291015625	1.2885829E-4	0.0
6.83310693359375	-0.0012600604	0.0
6.681384765625	0.013655774	0.0
6.52966259765625	0.020861765	0.0
6.3779404296875	-0.0048569785	0.0
6.22621826171875	7.3700614E-4	8.477381015836727E-6
6.07449658203125	0.0014932334	3.378681722097099E-4
5.9227744140625	-0.0031147362	0.0027290445286780596
5.77105224609375	0.018128177	0.004469067323952913
5.619330078125	0.01327689	0.0014845756813883781
5.46760791015625	-0.0069077527	9.995374421123415E-5
5.3158857421875	0.01568694	1.3640345741805504E-6
5.16416357421875	0.014094475	0.0
5.01244189453125	0.009933232	0.0
4.8607197265625	3.266073E-4	0.0
4.70899755859375	0.00921797	0.0
4.557275390625	0.025754433	0.0
4.40555322265625	5.7667476E-4	0.0
4.2538310546875	-0.0033518567	0.0
4.10210888671875	-0.011652899	0.0
3.950386962890625	1.1661172E-5	0.0
3.7986650390625	0.0152535355	0.0
3.64694287109375	0.010499265	0.0
3.495220703125	-0.013469076	0.0
3.34349853515625	0.008693219	0.0
3.191776611328125	0.0047407993	0.0
3.040054443359375	2.0151594E-5	0.0
2.888332275390625	-0.0053003146	0.0
2.7366103515625	-0.0085981805	0.0
2.58488818359375	0.009429818	0.0
2.433166015625	2.3469476E-4	0.0
2.28144384765625	-0.0027508286	0.0
2.129721923828125	-0.0023427713	0.0
1.977999755859375	0.0062155575	0.0
1.8262777099609375	0.00546913	0.0
1.6745555419921876	-0.0019078003	0.0
1.52283349609375	-0.0045960722	0.0
1.371111328125	0.01379692	0.0
1.2193892822265624	8.4657274E-4	0.0
1.067667236328125	0.0050474773	0.0
0.915945068359375	-0.020710813	0.0
0.7642230224609375	-0.009821439	0.0
