10.7879755859375	-0.005017794	0.0
10.6141748046875	-0.0022817901	0.0
10.4403740234375	-0.0014975402	0.0
10.2665732421875	0.002375303	0.0
10.0927724609375	0.0034520575	0.0
9.91897265625	0.0014382249	0.0
9.745171875	-0.003909872	0.0
9.57137109375	-0.0020421112	0.0
9.3975703125	1.8849774E-4	0.0
9.22376953125	0.0039327187	0.0
9.04996875	0.002961632	0.0
8.87616796875	0.0015988708	0.0
8.7023681640625	0.003389673	0.0
8.5285673828125	0.005287905	0.0
8.3547666015625	0.003114364	0.0
8.1809658203125	0.0031179874	0.0
8.0071650390625	0.0017080049	0.0
7.8333642578125	-5.3008254E-5	0.0
7.65956396484375	-0.0027361212	0.0
7.48576318359375	-0.0014828229	0.0
7.31196240234375	2.0304933E-4	0.0
7.138162109375	-0.0023109436	0.0
6.964361328125	-0.0017124319	0.0
6.790560546875	-0.0028323438	0.0
6.616759765625	-7.1300275E-4	0.0
6.44295947265625	1.9024103E-4	0.0
6.26915869140625	-0.0020272143	1.7558999161337852E-6
6.09535791015625	3.0115066E-4	1.7572565411683172E-4
5.9215576171875	0.0014638172	0.002165556186810136
5.7477568359375	-7.130089E-4	0.003287483472377062
5.5739560546875	-0.002935888	6.150099216029048E-4
5.4001552734375	-0.004953693	1.4167471817927435E-5
5.22635498046875	-0.0020475846	0.0
5.05255419921875	-0.001062572	0.0
4.87875341796875	1.7183235E-4	0.0
4.704953125	3.7857634E-4	0.0
4.53115234375	5.924825E-4	0.0
4.3573515625	-0.0025126522	0.0
4.18355078125	-0.0030382392	0.0
4.009750244140625	-0.0013071703	0.0
3.83594970703125	0.0015882176	0.0
3.662149169921875	0.0041215057	0.0
3.488348388671875	0.003704342	0.0
3.3145478515625	9.5779117E-4	0.0
3.1407470703125	-0.0017408965	0.0
2.966946533203125	-0.0020072432	0.0
2.793145751953125	0.00266038	0.0
2.61934521484375	5.560211E-5	0.0
2.445544677734375	-7.34462E-4	0.0
2.271743896484375	0.0027888499	0.0
2.097943359375	0.0041018333	0.0
1.9241427001953124	0.0018075937	0.0
1.750342041015625	9.89323E-4	0.0
1.5765413818359375	-0.0017447532	0.0
1.40274072265625	-0.004307486	0.0
1.2289400634765626	-0.0035909247	0.0
1.055139404296875	-5.453564E-4	0.0
0.8813388061523437	-0.0022891236	0.0
