10.839619140625	-0.0012025667	0.0
10.6644970703125	-0.0029882847	0.0
10.489375	-8.3711767E-4	0.0
10.3142529296875	2.3539396E-6	0.0
10.139130859375	1.9501214E-4	0.0
9.964009765625	6.394428E-4	0.0
9.7888876953125	-0.0010042848	0.0
9.613765625	0.002701695	0.0
9.4386435546875	0.0019571946	0.0
9.263521484375	-0.0018933637	0.0
9.0883994140625	-1.8139377E-4	0.0
8.91327734375	-9.409203E-4	0.0
8.7381552734375	-9.427486E-4	0.0
8.563033203125	0.0012955928	0.0
8.3879111328125	0.0010420125	0.0
8.2127890625	-0.0010506874	0.0
8.03766748046875	5.1381387E-4	0.0
7.86254541015625	0.0027195078	0.0
7.68742333984375	0.0028415187	0.0
7.51230126953125	1.4359054E-4	0.0
7.33717919921875	-0.0033432238	0.0
7.16205712890625	-8.372132E-4	0.0
6.98693505859375	-2.5533314E-4	0.0
6.8118134765625	5.110014E-4	0.0
6.63669140625	0.0011745882	0.0
6.4615693359375	9.954828E-4	0.0
6.286447265625	8.239677E-4	9.20060870157613E-7
6.1113251953125	0.0020760705	1.1668932711472735E-4
5.936203125	0.002046083	0.0017651785165071487
5.7610810546875	0.0013713613	0.003185541834682226
5.585958984375	4.2603776E-4	6.861691945232451E-4
5.41083740234375	0.003994175	1.762777174008079E-5
5.23571533203125	0.00421823	0.0
5.06059326171875	0.0034531734	0.0
4.88547119140625	0.0059926054	0.0
4.71034912109375	0.0071424465	0.0
4.53522705078125	0.00209684	0.0
4.36010498046875	-0.0022495028	0.0
4.1849833984375	0.002851459	0.0
4.009861083984375	0.003321025	0.0
3.8347392578125	9.861314E-4	0.0
3.6596171875	0.0028316763	0.0
3.4844951171875	0.0038783585	0.0
3.309373291015625	0.0023719813	0.0
3.134251220703125	-0.003100461	0.0
2.959129150390625	-0.007865745	0.0
2.784007080078125	-0.0029941413	0.0
2.60888525390625	9.470358E-4	0.0
2.43376318359375	0.0039295936	0.0
2.25864111328125	-9.906249E-5	0.0
2.08351904296875	-0.0020794286	0.0
1.908397216796875	0.0013018029	0.0
1.733275146484375	-0.0033653416	0.0
1.5581531982421875	-0.005528325	0.0
1.3830311279296874	-9.382328E-4	0.0
1.2079091796875	0.002149028	0.0
1.032787109375	0.0027478966	0.0
0.8576651611328125	0.0037316286	0.0
