10.77660546875	0.007084562	1.2389956100378186E-4
10.6787001953125	-9.7625505E-4	6.688194698654115E-4
10.5807958984375	-0.0101470845	0.0018573631532490253
10.4828916015625	0.008278372	0.002653981326147914
10.3849873046875	-0.057270456	0.00195157655980438
10.2870830078125	-0.0770234	7.384091150015593E-4
10.1891787109375	0.03365679	1.4373197336681187E-4
10.0912744140625	-0.03251959	1.439348761778092E-5
9.993369140625	-0.0049587917	7.415913501063187E-7
9.89546484375	0.015788147	0.0
9.797560546875	0.013641307	0.0
9.69965625	-0.06158991	0.0
9.601751953125	-0.065024346	0.0
9.50384765625	-0.01810272	0.0
9.405943359375	-0.0043064193	0.0
9.3080380859375	-0.08856295	0.0
9.2101337890625	-0.032801483	0.0
9.1122294921875	0.02816391	0.0
9.0143251953125	-0.0030305847	0.0
8.9164208984375	-0.0051644887	0.0
8.8185166015625	0.050683726	0.0
8.720611328125	0.020472545	0.0
8.62270703125	-0.03862626	0.0
8.524802734375	0.001302882	0.0
8.4268984375	0.029101258	0.0
8.328994140625	-0.0016108894	0.0
8.23108984375	-0.0032278548	0.0
8.13318505859375	0.038926333	0.0
8.03528076171875	0.053022545	0.0
7.93737646484375	0.055996194	0.0
7.8394716796875	-0.0825647	0.0
7.7415673828125	-0.030670136	0.0
7.6436630859375	-0.002749821	0.0
7.54575830078125	0.027820034	0.0
7.44785400390625	0.03599884	0.0
7.34994970703125	-0.02755693	0.0
7.252044921875	-0.053330258	0.0
7.154140625	-0.011785815	0.0
7.056236328125	0.010339464	0.0
6.95833203125	0.045051396	0.0
6.86042724609375	-0.0045773834	0.0
6.76252294921875	0.0011071803	0.0
6.66461865234375	-0.036961682	0.0
6.5667138671875	-0.057670973	0.0
6.4688095703125	0.006286271	0.0
6.3709052734375	-0.04715638	0.0
6.2730009765625	0.03760395	1.1500252412588452E-6
6.17509619140625	0.025793929	2.0450968804652803E-5
6.07719189453125	-0.014115519	1.8711703887674958E-4
5.97928759765625	0.05426908	8.807869744487107E-4
5.8813828125	0.037238613	0.002132999710738659
5.783478515625	0.003736954	0.002657999051734805
5.68557421875	-7.859431E-4	0.001704565598629415
5.58766943359375	-0.019935124	5.624498007819057E-4
5.48976513671875	-0.0631076	9.547790978103876E-5
5.39186083984375	0.08119772	8.338704901689198E-6
5.29395654296875	-0.0154662235	0.0
5.1960517578125	0.021299353	0.0
5.0981474609375	-0.0039214836	0.0
5.0002431640625	0.023448838	0.0
4.90233837890625	0.06375762	0.0
4.80443408203125	-0.029402545	0.0
4.70652978515625	0.03148937	0.0
4.608625	0.019687386	0.0
4.510720703125	-0.06471526	0.0
4.41281640625	0.010346814	0.0
4.314912109375	0.088836856	0.0
4.21700732421875	0.003920308	0.0
4.11910302734375	-0.006859461	0.0
4.021198486328125	-0.051554147	0.0
3.923294189453125	-0.0044562584	0.0
3.8253896484375	-0.0149890715	0.0
3.727485107421875	-0.048607837	0.0
3.629580810546875	-0.0058540027	0.0
3.53167626953125	0.0049505597	0.0
3.43377197265625	0.008639004	0.0
3.335867431640625	0.00213312	0.0
3.237962890625	-0.04281419	0.0
3.14005859375	0.013912467	0.0
3.042154052734375	0.0018505922	0.0
2.944249755859375	0.024336502	0.0
2.84634521484375	-0.045042675	0.0
2.748440673828125	0.05583636	0.0
2.650536376953125	0.027319364	0.0
2.5526318359375	-0.06666199	0.0
2.4547275390625	-0.02590196	0.0
2.356822998046875	-0.038045663	0.0
2.25891845703125	0.0037716352	0.0
2.16101416015625	0.012285918	0.0
2.063109619140625	-0.01025454	0.0
1.9652052001953124	-0.013983325	0.0
1.86730078125	0.031095909	0.0
1.7693963623046876	0.041047618	0.0
1.671491943359375	0.0069409306	0.0
1.5735875244140625	0.030166514	0.0
1.4756829833984375	0.03884823	0.0
1.377778564453125	0.032187417	0.0
1.2798741455078124	0.056090485	0.0
1.1819697265625	0.019200016	0.0
1.0840653076171876	-0.02238377	0.0
0.9861608276367188	-0.08405683	0.0
0.88825634765625	-0.009936583	0.0
0.7903519287109375	-0.033081852	0.0
