10.837021484375	0.008991708	0.0
10.7374921875	-0.028937308	0.0
10.6379619140625	0.018818676	0.0
10.538431640625	0.0035782766	0.0
10.43890234375	-0.034205537	0.0
10.3393720703125	-0.010493726	0.0
10.239841796875	0.010575415	0.0
10.1403125	0.03446723	0.0
10.0407822265625	-0.03830566	0.0
9.941251953125	0.0130636	0.0
9.84172265625	0.025021447	0.0
9.7421923828125	0.016517555	0.0
9.642662109375	0.05809184	0.0
9.5431328125	0.013385233	0.0
9.4436025390625	0.041374557	0.0
9.344072265625	0.074188575	0.0
9.24454296875	0.04917312	0.0
9.1450126953125	0.013790102	0.0
9.045482421875	-0.024682509	0.0
8.945953125	-0.04627717	0.0
8.8464228515625	-0.0066398326	0.0
8.746892578125	-0.075612105	0.0
8.64736328125	0.010195778	0.0
8.5478330078125	-0.066127464	0.0
8.448302734375	-0.037840754	0.0
8.3487734375	-0.027697276	0.0
8.2492431640625	0.0076173	0.0
8.14971337890625	0.035597153	0.0
8.05018310546875	-0.025509745	0.0
7.9506533203125	-0.05646334	0.0
7.85112353515625	0.012734426	0.0
7.75159326171875	-0.007772364	0.0
7.6520634765625	0.02143186	0.0
7.55253369140625	0.005920388	0.0
7.45300341796875	-0.023015568	0.0
7.3534736328125	-0.0397989	0.0
7.25394384765625	-0.040286653	0.0
7.15441357421875	-0.0142785935	0.0
7.0548837890625	0.048393257	0.0
6.95535400390625	0.03193467	0.0
6.85582373046875	0.03096842	0.0
6.7562939453125	0.027978789	0.0
6.65676416015625	-5.1043662E-5	0.0
6.55723388671875	0.004434708	0.0
6.4577041015625	-0.026769886	0.0
6.35817431640625	0.0063991155	0.0
6.25864404296875	-0.03295603	8.941237865656149E-7
6.1591142578125	-0.0048702224	1.5021056242403574E-5
6.05958447265625	-0.0045959596	1.2697912461590022E-4
5.96005419921875	0.058643848	5.401094094850123E-4
5.8605244140625	0.0740192	0.001155977719463408
5.76099462890625	-0.0067273225	0.001245049643330276
5.66146435546875	0.0028919908	6.748414598405361E-4
5.5619345703125	0.012444406	1.8405327864456922E-4
5.46240478515625	-0.0043595927	2.5258106688852422E-5
5.36287451171875	-0.011326568	1.744127530400874E-6
5.2633447265625	-0.008354242	0.0
5.16381494140625	-0.003548598	0.0
5.06428466796875	0.011683004	0.0
4.9647548828125	-0.022466848	0.0
4.86522509765625	0.010709791	0.0
4.76569482421875	0.02194307	0.0
4.6661650390625	-0.033358388	0.0
4.56663525390625	-0.022244595	0.0
4.46710498046875	0.0036860676	0.0
4.3675751953125	-0.030482635	0.0
4.26804541015625	0.0038167704	0.0
4.16851513671875	-0.014114635	0.0
4.0689853515625	-0.044876758	0.0
3.969455322265625	0.010849872	0.0
3.869925537109375	0.058592323	0.0
3.7703955078125	0.031947434	0.0
3.670865478515625	-0.0024464221	0.0
3.57133544921875	0.031034738	0.0
3.4718056640625	-0.033423252	0.0
3.372275634765625	-0.004049947	0.0
3.27274560546875	-0.01593384	0.0
3.1732158203125	0.021775147	0.0
3.073685791015625	0.069752805	0.0
2.97415576171875	0.0070680003	0.0
2.8746259765625	0.011360114	0.0
2.775095947265625	-0.0409026	0.0
2.67556591796875	0.005381336	0.0
2.5760361328125	0.050248906	0.0
2.476506103515625	0.017702483	0.0
2.37697607421875	0.023571054	0.0
2.2774462890625	0.05684108	0.0
2.177916259765625	0.0149648795	0.0
2.07838623046875	-0.0057129264	0.0
1.9788563232421874	0.018891472	0.0
1.879326416015625	0.029180346	0.0
1.7797965087890626	-0.0026142476	0.0
1.6802664794921875	-0.038495813	0.0
1.580736572265625	-0.032763164	0.0
1.4812066650390625	0.04215017	0.0
1.3816766357421875	-0.047214035	0.0
1.282146728515625	-0.026349645	0.0
1.1826168212890624	-0.07352176	0.0
1.0830867919921876	-0.030318193	0.0
0.983556884765625	0.04341727	0.0
0.8840269165039063	-0.0076560657	0.0
0.7844969482421875	-0.05816638	0.0
