10.789595703125	-9.897788E-4	0.0
10.6918564453125	-0.042144682	0.0
10.5941162109375	-0.02488872	0.0
10.4963759765625	0.043746263	0.0
10.39863671875	0.058308747	0.0
10.300896484375	0.02378409	0.0
10.20315625	0.060327504	0.0
10.105416015625	0.011387356	0.0
10.0076767578125	-0.02169399	0.0
9.9099365234375	-0.010995364	0.0
9.8121962890625	0.020824553	0.0
9.71445703125	-0.010328977	0.0
9.616716796875	0.028037198	0.0
9.5189765625	0.03905216	0.0
9.421236328125	0.05311486	0.0
9.3234970703125	-0.033161018	0.0
9.2257568359375	-0.050841015	0.0
9.1280166015625	-0.015935242	0.0
9.03027734375	-0.020602979	0.0
8.932537109375	-0.0034789254	0.0
8.834796875	-0.006007271	0.0
8.7370576171875	-0.018237408	0.0
8.6393173828125	-0.025266895	0.0
8.5415771484375	0.057073973	0.0
8.4438369140625	-0.004498103	0.0
8.34609765625	0.007986829	0.0
8.248357421875	0.04553962	0.0
8.15061767578125	-0.009104005	0.0
8.05287744140625	-0.016786354	0.0
7.9551376953125	-0.005654479	0.0
7.8573974609375	0.004380506	0.0
7.75965771484375	0.08174984	0.0
7.66191748046875	0.046362806	0.0
7.564177734375	0.06884352	0.0
7.46643798828125	-0.018088354	0.0
7.36869775390625	-0.09400086	0.0
7.2709580078125	-0.04660525	0.0
7.1732177734375	0.046676397	0.0
7.07547802734375	0.045206428	0.0
6.97773779296875	0.03622002	0.0
6.879998046875	0.03579863	0.0
6.78225830078125	0.0117793465	0.0
6.68451806640625	0.05158609	0.0
6.5867783203125	4.3119074E-4	0.0
6.4890380859375	-0.017033504	0.0
6.39129833984375	0.02138314	0.0
6.29355810546875	-0.04067481	1.8292551828835713E-7
6.195818359375	0.043883458	3.7232396152830916E-6
6.09807861328125	-0.038850773	3.9078473491827026E-5
6.00033837890625	-0.012150858	2.1149814710952342E-4
5.9025986328125	0.0696765	5.902429693378508E-4
5.8048583984375	-0.033302724	8.494299836456776E-4
5.70711865234375	-0.097743005	6.304088165052235E-4
5.60937890625	-0.035876345	2.4126570497173816E-4
5.511638671875	-0.051004574	4.761232412420213E-5
5.41389892578125	-0.018910458	4.845106559514534E-6
5.31615869140625	-0.011416755	2.5424060368095525E-7
5.2184189453125	0.042148896	0.0
5.1206787109375	8.7218126E-4	0.0
5.02293896484375	-0.054143053	0.0
4.92519921875	0.016855637	0.0
4.827458984375	0.07060748	0.0
4.72971923828125	0.02136354	0.0
4.63197900390625	0.08314141	0.0
4.5342392578125	0.0010289779	0.0
4.4364990234375	-0.03320629	0.0
4.33875927734375	-0.012867123	0.0
4.24101953125	0.0279882	0.0
4.143279296875	-0.030578187	0.0
4.045539306640625	-0.012622129	0.0
3.947799560546875	-0.030601116	0.0
3.8500595703125	-0.058795795	0.0
3.752319580078125	-0.051298663	0.0
3.65457958984375	-0.03221318	0.0
3.556839599609375	0.028654585	0.0
3.459099609375	0.01907039	0.0
3.36135986328125	0.019942572	0.0
3.263619873046875	0.0279392	0.0
3.1658798828125	0.03402487	0.0
3.068139892578125	-0.006007271	0.0
2.97039990234375	-0.028674183	0.0
2.872659912109375	-0.008790411	0.0
2.774919921875	-0.005213488	0.0
2.67718017578125	0.004311907	0.0
2.579440185546875	-3.9199158E-4	0.0
2.4817001953125	-0.023823287	0.0
2.383960205078125	0.04323667	0.0
2.28622021484375	0.035916228	0.0
2.188480224609375	-0.0029987355	0.0
2.090740478515625	0.069666706	0.0
1.9930003662109375	0.04423625	0.0
1.895260498046875	0.02141254	0.0
1.7975205078125	-0.014013699	0.0
1.699780517578125	-0.011730348	0.0
1.6020406494140624	0.01717903	0.0
1.5043006591796875	-0.017071232	0.0
1.4065606689453125	0.03592603	0.0
1.30882080078125	0.009809589	0.0
1.211080810546875	0.05352645	0.0
1.1133408203125	0.005772076	0.0
1.0156008911132812	-0.019962171	0.0
0.9178609619140625	-0.018737197	0.0
0.8201209716796874	0.02135374	0.0
