10.7687373046875	0.018262535	0.0
10.6168720703125	0.0045862542	0.0
10.4650068359375	0.0025583322	0.0
10.313140625	-0.0022319767	0.0
10.161275390625	0.00425923	0.0
10.00941015625	0.008570985	0.0
9.857544921875	-0.0037845527	0.0
9.7056787109375	0.018602438	0.0
9.5538134765625	0.009072209	0.0
9.4019482421875	-0.0056034336	0.0
9.25008203125	-0.0026818619	0.0
9.098216796875	4.219584E-4	0.0
8.9463515625	-0.0147738075	0.0
8.7944853515625	0.0053774402	0.0
8.6426201171875	0.010282084	0.0
8.4907548828125	-0.011396937	0.0
8.3388896484375	0.018715708	0.0
8.18702392578125	-4.1575276E-4	0.0
8.035158203125	0.005350513	0.0
7.88329248046875	-0.005224856	0.0
7.73142724609375	0.0032654013	0.0
7.5795615234375	-0.0017424304	0.0
7.4276962890625	-0.0021885417	0.0
7.27583056640625	0.005320885	0.0
7.12396484375	-0.0077488264	0.0
6.972099609375	0.00556177	0.0
6.82023388671875	0.001975256	0.0
6.66836865234375	-0.017069057	0.0
6.5165029296875	0.0025050356	0.0
6.3646376953125	-0.0063635884	0.0
6.21277197265625	0.01238794	1.865162403191789E-6
6.06090625	0.020891683	6.470146036008373E-5
5.909041015625	0.01299643	4.536127089522779E-4
5.75717529296875	0.0058144983	6.427778280340135E-4
5.60531005859375	-0.005808915	1.8410573829896748E-4
5.4534443359375	-0.002336626	1.06573697848944E-5
5.30157861328125	-0.008268741	0.0
5.14971337890625	0.0018292645	0.0
4.99784765625	-0.010010266	0.0
4.845982421875	-0.017096722	0.0
4.69411669921875	0.0050119003	0.0
4.5422509765625	-0.0031144498	0.0
4.3903857421875	0.020260083	0.0
4.23852001953125	-0.011211689	0.0
4.086654541015625	-0.0011424534	0.0
3.9347890625	0.0016639123	0.0
3.782923583984375	-4.5622326E-4	0.0
3.63105810546875	0.014972656	0.0
3.479192626953125	-0.0032778792	0.0
3.327326904296875	0.0010959405	0.0
3.17546142578125	6.048538E-4	0.0
3.023595947265625	-0.009453681	0.0
2.87173046875	0.0034682595	0.0
2.719864990234375	-0.001256775	0.0
2.56799951171875	0.004193395	0.0
2.4161337890625	0.0017620126	0.0
2.264268310546875	0.016202735	0.0
2.11240283203125	-0.004951426	0.0
1.960537353515625	-0.0077439793	0.0
1.8086717529296874	-0.020472495	0.0
1.6568062744140626	-0.011572955	0.0
1.504940673828125	0.0069625117	0.0
1.3530751953125	0.012342813	0.0
1.201209716796875	-0.0058510364	0.0
1.0493441162109376	-0.012791848	0.0
0.8974786376953126	0.0035919198	0.0
0.7456130981445312	0.010508658	0.0
