10.854095703125	-0.0031903312	0.0
10.702203125	-0.003977824	0.0
10.5503115234375	-0.008730225	0.0
10.398419921875	0.0068832836	0.0
10.2465283203125	0.0069398284	0.0
10.09463671875	-0.0047099125	0.0
9.9427451171875	0.009837367	0.0
9.790853515625	0.01313028	0.0
9.6389619140625	0.008006035	0.0
9.4870693359375	0.009989758	0.0
9.335177734375	-0.012602321	0.0
9.1832861328125	-0.0034255148	0.0
9.03139453125	0.008892945	0.0
8.8795029296875	-0.007866343	0.0
8.727611328125	-0.009231424	0.0
8.5757197265625	0.0023715221	0.0
8.423828125	-0.001177053	0.0
8.271935546875	-0.008590894	0.0
8.12004443359375	0.008061707	0.0
7.96815234375	0.0074078087	0.0
7.8162607421875	0.010456141	0.0
7.664369140625	-0.009814768	0.0
7.5124775390625	0.0055340934	0.0
7.3605859375	0.014261753	0.0
7.20869384765625	-0.004416422	0.0
7.05680224609375	0.012062736	0.0
6.90491064453125	0.0073762764	0.0
6.75301904296875	0.026828397	0.0
6.601126953125	0.0016080341	0.0
6.4492353515625	0.011373867	0.0
6.29734375	0.01461417	0.0
6.1454521484375	-0.008378214	1.079304092854727E-5
5.99356005859375	0.014278073	1.843599311541766E-4
5.84166845703125	-0.006062757	6.361007108353078E-4
5.68977685546875	0.006043146	4.4337986037135124E-4
5.53788525390625	0.008248985	6.242952804313973E-5
5.3859931640625	-0.014630679	1.7755718317857827E-6
5.2341015625	-0.038263425	0.0
5.0822099609375	-0.023503788	0.0
4.930318359375	-0.0065865344	0.0
4.77842626953125	-0.002655712	0.0
4.62653466796875	7.916578E-5	0.0
4.47464306640625	-0.010684763	0.0
4.32275146484375	0.010824193	9.797498023544904E-6
4.17085986328125	0.021884536	1.7454137559980154E-4
4.018968017578125	0.015625728	6.280964589677751E-4
3.867076171875	0.014549917	4.566176503431052E-4
3.7151845703125	-1.1855179E-4	6.705844862153754E-5
3.563292724609375	0.015819496	1.989285010495223E-6
3.411401123046875	0.00851523	0.0
3.25950927734375	0.011188016	0.0
3.10761767578125	-0.004741063	0.0
2.955725830078125	8.588415E-4	0.0
2.803834228515625	0.02030744	0.0
2.6519423828125	0.0028627838	0.0
2.50005078125	0.02606036	0.0
2.348158935546875	-0.001983841	0.0
2.196267333984375	-0.008099965	0.0
2.0443756103515627	0.0014539416	0.0
1.89248388671875	-0.003316802	0.0
1.7405921630859376	0.009617425	0.0
1.588700439453125	-0.0070510847	0.0
1.4368087158203124	9.378761E-4	0.0
1.2849169921875	-0.0054397034	0.0
1.1330252685546875	-0.012900243	0.0
0.981133544921875	0.005964061	0.0
0.8292418212890625	0.013860223	0.0
