10.8543349609375	0.0076596914	0.0
10.7024501953125	-0.009277781	0.0
10.550564453125	0.0013035828	0.0
10.3986787109375	6.058419E-4	0.0
10.2467939453125	-0.015214253	0.0
10.094908203125	0.009306853	0.0
9.9430224609375	0.0135565875	0.0
9.7911376953125	-0.0012119804	0.0
9.639251953125	0.0069316286	0.0
9.4873662109375	0.009421243	0.0
9.3354814453125	-0.0023886182	0.0
9.183595703125	0.003662128	0.0
9.0317099609375	0.014020427	0.0
8.8798251953125	-0.007092771	0.0
8.727939453125	-0.012066247	0.0
8.5760537109375	0.0022873264	0.0
8.4241689453125	0.0058919564	0.0
8.272283203125	2.9365256E-4	0.0
8.12039794921875	-0.0018048098	0.0
7.9685126953125	9.860835E-4	0.0
7.816626953125	-0.007455256	0.0
7.66474169921875	-0.0032759923	0.0
7.5128564453125	0.0317972	0.0
7.360970703125	-0.004341481	0.0
7.20908544921875	-0.008718964	0.0
7.0572001953125	-0.021219613	0.0
6.905314453125	-0.015650531	0.0
6.75342919921875	9.1294793E-4	0.0
6.6015439453125	-0.015542993	0.0
6.449658203125	0.01272932	0.0
6.29777294921875	0.009917368	0.0
6.1458876953125	0.010604118	1.0680146260710899E-5
5.994001953125	0.0071082893	1.832533598644659E-4
5.84211669921875	-0.0030379854	6.352211348712444E-4
5.6902314453125	-0.0027019358	4.448824329301715E-4
5.53834619140625	0.010668301	6.294866761891171E-5
5.38646044921875	-2.7505914E-4	1.7993868368648691E-6
5.2345751953125	0.006621601	0.0
5.08268994140625	-9.2870905E-4	0.0
4.93080419921875	-0.009542784	0.0
4.7789189453125	-0.0036082473	0.0
4.62703369140625	-0.0016500661	0.0
4.47514794921875	0.0076952293	0.0
4.3232626953125	0.014958916	0.0
4.17137744140625	0.016398774	0.0
4.019491943359375	0.0027633263	0.0
3.8676064453125	-0.0044061937	0.0
3.715720947265625	0.021780994	0.0
3.563835693359375	0.009551615	0.0
3.4119501953125	0.0024636826	0.0
3.26006494140625	7.4392447E-4	0.0
3.108179443359375	0.017087534	0.0
2.9562939453125	0.0123463245	0.0
2.80440869140625	-0.007415264	0.0
2.652523193359375	0.01900936	0.0
2.5006376953125	0.0049343714	0.0
2.34875244140625	-0.0097387545	0.0
2.196866943359375	-0.005180983	0.0
2.0449815673828127	-0.0020497593	0.0
1.89309619140625	-0.015912708	0.0
1.7412108154296875	-0.0028879384	0.0
1.5893253173828126	0.005448888	0.0
1.43743994140625	0.0017904808	0.0
1.2855545654296876	-0.0070926077	0.0
1.133669189453125	0.0047334093	0.0
0.9817837524414063	0.0013190367	0.0
0.8298983154296875	8.928279E-5	0.0
