11.786984375	0.055861246	0.0
11.6875625	0.0944233	0.0
11.588140625	-0.0010020422	0.0
11.48871875	-0.07383387	0.0
11.389296875	-0.055259075	0.0
11.289875	0.0012990827	0.0
11.190453125	0.05782541	0.0
11.09103125	0.020575438	0.0
10.991609375	-0.021990657	0.0
10.8921875	-0.015445879	0.0
10.792765625	0.026112668	0.0
10.69334375	0.011578698	0.0
10.593921875	-0.008745291	0.0
10.4945009765625	0.011829622	0.0
10.3950791015625	0.041964702	0.0
10.2956572265625	0.046353463	0.0
10.1962353515625	-0.05864734	0.0
10.0968134765625	-0.01863541	0.0
9.9973916015625	-7.451153E-4	0.0
9.8979697265625	0.049390357	0.0
9.7985478515625	-0.032984536	0.0
9.6991259765625	0.032699525	0.0
9.5997041015625	-0.054143857	0.0
9.5002822265625	-0.022702074	0.0
9.4008603515625	0.004916238	0.0
9.3014384765625	-0.0501705	0.0
9.2020166015625	0.021510212	0.0
9.1025947265625	0.048988912	0.0
9.0031728515625	0.046323527	0.0
8.9037509765625	0.0051410296	0.0
8.8043291015625	0.016532606	0.0
8.7049072265625	0.001991659	0.0
8.6054853515625	-0.024412863	0.0
8.5060634765625	-0.053600863	0.0
8.406642578125	-0.0018581813	0.0
8.307220703125	-0.032996614	0.0
8.207798828125	2.0116688E-4	0.0
8.10837646484375	0.0018241728	0.0
8.00895458984375	-0.0012445679	0.0
7.909533203125	-0.033477414	0.0
7.810111328125	-0.010108458	0.0
7.710689453125	0.005949302	0.0
7.611267578125	-0.013968131	0.0
7.511845703125	-0.03796629	0.0
7.412423828125	0.029406892	0.0
7.313001953125	0.05467894	0.0
7.213580078125	0.055331375	0.0
7.114158203125	0.0071617905	0.0
7.014736328125	-0.012477628	0.0
6.91531494140625	-0.0021311948	0.0
6.81589306640625	0.019448692	0.0
6.71647119140625	-0.009226804	0.0
6.61704931640625	0.010421313	0.0
6.51762744140625	-0.0507293	0.0
6.41820556640625	-0.008412744	0.0
6.31878369140625	0.03399431	0.0
6.21936181640625	0.02227236	1.0029394843513728E-6
6.11993994140625	-0.041690573	1.2818019058613572E-5
6.02051806640625	-0.019427072	8.255439752247185E-5
5.92109619140625	-0.021621713	2.6793908909894526E-4
5.8216748046875	-0.02991995	4.3824201566167176E-4
5.7222529296875	-0.0026017423	3.6123752943240106E-4
5.6228310546875	-0.017480377	1.5005939349066466E-4
5.5234091796875	-0.015626568	3.141284469165839E-5
5.4239873046875	-0.028279679	3.313832166895736E-6
5.3245654296875	0.013241592	1.7616886793803133E-7
5.2251435546875	0.0056733014	0.0
5.1257216796875	0.029940298	0.0
5.0262998046875	0.029316384	0.0
4.9268779296875	0.019007921	0.0
4.82745654296875	0.0038092118	0.0
4.72803466796875	-7.53196E-4	0.0
4.62861279296875	0.03393486	0.0
4.52919091796875	-0.011983391	0.0
4.42976904296875	0.032634832	0.0
4.33034716796875	0.021927435	0.0
4.23092529296875	-0.011569194	0.0
4.13150341796875	-0.031765435	0.0
4.032081787109375	-0.0072775898	0.0
3.932659912109375	0.038362116	0.0
3.833238037109375	0.009887403	0.0
3.733816162109375	0.012080753	0.0
3.634394287109375	-0.08218873	0.0
3.53497265625	-0.087074906	0.0
3.43555078125	0.005653825	0.0
3.33612890625	-0.030057577	0.0
3.23670703125	-0.012206515	0.0
3.13728515625	0.010769161	0.0
3.037863525390625	-0.014145383	0.0
2.938441650390625	0.044519644	0.0
2.839019775390625	-0.01126794	0.0
2.739597900390625	0.0065464447	0.0
2.640176025390625	0.05578749	0.0
2.54075439453125	0.031589914	0.0
2.44133251953125	0.071679376	0.0
2.34191064453125	0.05628685	0.0
2.24248876953125	-0.0051040244	0.0
2.14306689453125	-0.066377304	0.0
2.0436451416015626	-0.054930527	0.0
1.944223388671875	-0.017791584	0.0
1.844801513671875	-0.0023703966	0.0
1.745379638671875	0.0033358834	0.0
1.6459578857421875	-0.07804358	0.0
1.5465360107421875	-0.019893948	0.0
1.4471141357421875	0.055075288	0.0
1.3476923828125	0.05711669	0.0
1.2482705078125	0.026321804	0.0
1.1488487548828126	-0.004378807	0.0
1.0494268798828126	-0.07988041	0.0
0.9500050659179687	0.011629186	0.0
0.850583251953125	-0.016571539	0.0
0.751161376953125	-0.007748661	0.0
0.6517395629882813	0.016543532	0.0
0.5523177490234376	0.047435842	0.0
0.45289593505859377	0.03726319	0.0
0.35347409057617185	-0.015785748	0.0
0.25405226135253905	-0.0022660021	0.0
0.15463043212890626	-0.042980723	0.0
0.05520861053466797	0.0022660021	0.0
-0.044213214874267576	0.0362075	0.0
-0.14363504028320312	-0.027123297	0.0
-0.24305686950683594	-0.107241146	0.0
