10.8065732421875	-0.0045770183	0.0
10.6553056640625	-0.003819887	0.0
10.5040380859375	-0.0063342038	0.0
10.3527705078125	-8.6341286E-5	0.0
10.2015029296875	0.0046189497	0.0
10.0502353515625	8.212302E-5	0.0
9.8989677734375	-0.002094626	0.0
9.74769921875	-0.011868089	0.0
9.596431640625	-0.008900859	0.0
9.4451640625	-0.013290609	0.0
9.293896484375	0.004477797	0.0
9.14262890625	0.0016024275	0.0
8.991361328125	4.6239654E-4	0.0
8.84009375	-0.008227233	0.0
8.688826171875	0.0069995993	0.0
8.53755859375	0.008074485	0.0
8.386291015625	0.0015133326	0.0
8.2350234375	0.009531431	0.0
8.083755859375	0.004922554	0.0
7.93248828125	-0.002612873	0.0
7.78122021484375	-0.0022069106	0.0
7.62995263671875	-0.00908773	0.0
7.47868505859375	-0.0032487088	0.0
7.32741748046875	0.007222953	0.0
7.17614990234375	0.011342246	0.0
7.02488232421875	-5.7231134E-4	0.0
6.87361474609375	-0.0034813199	0.0
6.72234716796875	-0.010001525	0.0
6.57107958984375	0.009600519	0.0
6.4198115234375	0.0065452745	0.0
6.2685439453125	0.017609254	2.3761299416946713E-7
6.1172763671875	0.012216919	1.4634689250669908E-5
5.9660087890625	-5.2376406E-4	1.8447611364535987E-4
5.8147412109375	6.240918E-5	4.759218427352607E-4
5.6634736328125	-0.017227327	2.513111394364387E-4
5.5122060546875	0.013388606	2.7160536774317734E-5
5.3609384765625	0.003968749	6.007547312947281E-7
5.20967041015625	0.0027175732	0.0
5.05840283203125	0.009121375	0.0
4.90713525390625	0.0072367704	0.0
4.75586767578125	0.011745124	0.0
4.60460009765625	-0.0026502584	0.0
4.45333251953125	0.010646222	0.0
4.30206494140625	0.014587337	0.0
4.15079736328125	0.008074204	0.0
3.999529541015625	-0.008828937	0.0
3.848261962890625	-0.012377672	0.0
3.696994384765625	-0.014726638	0.0
3.5457265625	0.005302426	0.0
3.394458984375	-0.007805632	0.0
3.24319140625	0.0010116175	0.0
3.091923828125	-0.008904306	0.0
2.94065625	-0.0028397588	0.0
2.789388427734375	2.3459754E-4	0.0
2.638120849609375	0.014214353	0.0
2.486853271484375	0.019434435	0.0
2.335585693359375	0.0029264397	0.0
2.18431787109375	0.008264705	0.0
2.03305029296875	0.009647187	0.0
1.88178271484375	-0.004866623	0.0
1.7305150146484376	-0.0027108446	0.0
1.5792474365234375	-0.0108001	0.0
1.427979736328125	0.019044707	0.0
1.276712158203125	-0.00699575	0.0
1.1254444580078125	-0.002418351	0.0
0.9741768798828125	-0.011050297	0.0
0.8229092407226563	-0.0030329681	0.0
