11.8654462890625	0.0058613666	0.0
11.7141787109375	0.0016313947	0.0
11.5629111328125	0.0033496611	0.0
11.4116435546875	0.004364238	0.0
11.2603759765625	-0.009095318	0.0
11.1091083984375	-0.0012967415	0.0
10.9578408203125	-3.2672373E-4	0.0
10.8065732421875	-0.0038598282	0.0
10.6553056640625	-0.0026543615	0.0
10.5040380859375	-0.0049448917	0.0
10.3527705078125	0.0013663686	0.0
10.2015029296875	0.0061167683	0.0
10.0502353515625	0.0016964328	0.0
9.8989677734375	-3.348808E-4	0.0
9.74769921875	-0.010462195	0.0
9.596431640625	-0.007897322	0.0
9.4451640625	-0.0126604475	0.0
9.293896484375	0.0047133323	0.0
9.14262890625	0.0014125967	0.0
8.991361328125	-2.5135136E-4	0.0
8.84009375	-0.009338877	0.0
8.688826171875	0.0060285414	0.0
8.53755859375	0.007289507	0.0
8.386291015625	0.0010725633	0.0
8.2350234375	0.009128277	0.0
8.083755859375	0.0043756994	0.0
7.93248828125	-0.0032434172	0.0
7.78122021484375	-0.0030331104	0.0
7.62995263671875	-0.010111451	0.0
7.47868505859375	-0.0045366245	0.0
7.32741748046875	0.005383722	0.0
7.17614990234375	0.009284324	0.0
7.02488232421875	-0.002783106	0.0
6.87361474609375	-0.0058994396	0.0
6.72234716796875	-0.012836029	0.0
6.57107958984375	0.0062117074	0.0
6.4198115234375	0.0024317207	0.0
6.2685439453125	0.0130744055	2.0087783525468694E-7
6.1172763671875	0.007339817	1.2372154742479324E-5
5.9660087890625	-0.0055258987	1.5595606237184256E-4
5.8147412109375	-0.0050179204	4.02344623580575E-4
5.6634736328125	-0.021980278	2.1245842799544334E-4
5.5122060546875	0.00886073	2.2961496142670512E-5
5.3609384765625	-7.484721E-5	5.078775302536087E-7
5.20967041015625	-8.9639286E-4	0.0
5.05840283203125	0.0059850477	0.0
4.90713525390625	0.0046805204	0.0
4.75586767578125	0.009660446	0.0
4.60460009765625	-0.0044030193	0.0
4.45333251953125	0.009348339	0.0
4.30206494140625	0.013487917	0.0
4.15079736328125	0.00684688	0.0
3.999529541015625	-0.010663389	0.0
3.848261962890625	-0.014569723	0.0
3.696994384765625	-0.017059295	0.0
3.5457265625	0.0031669172	0.0
3.394458984375	-0.009934877	0.0
3.24319140625	-8.967538E-4	0.0
3.091923828125	-0.010168636	0.0
2.94065625	-0.0029374396	0.0
2.789388427734375	9.070293E-4	0.0
2.638120849609375	0.015317187	0.0
2.486853271484375	0.020448565	0.0
2.335585693359375	0.0041803047	0.0
2.18431787109375	0.009550644	0.0
2.03305029296875	0.010760738	0.0
1.88178271484375	-0.0040792124	0.0
1.7305150146484376	-0.0022018705	0.0
1.5792474365234375	-0.0104507515	0.0
1.427979736328125	0.019491311	0.0
1.276712158203125	-0.006453557	0.0
1.1254444580078125	-0.0016646578	0.0
0.9741768798828125	-0.009948358	0.0
0.8229092407226563	-0.0014846934	0.0
0.6716416015625	0.028648537	0.0
0.5203739624023438	0.011820678	0.0
0.36910635375976564	-2.0468948E-4	0.0
0.21783871459960938	-0.0035670928	0.0
0.06657107543945312	0.010536656	0.0
-0.08469655609130859	-0.0010090966	0.0
-0.2359641876220703	-0.0031585572	0.0
