10.792765625	0.029713307	0.0
10.69334375	0.015773458	0.0
10.593921875	-0.0040610647	0.0
10.4945009765625	0.017067822	0.0
10.3950791015625	0.047850434	0.0
10.2956572265625	0.05288587	0.0
10.1962353515625	-0.051750056	0.0
10.0968134765625	-0.0106369	0.0
9.9973916015625	0.007542474	0.0
9.8979697265625	0.057922855	0.0
9.7985478515625	-0.02423056	0.0
9.6991259765625	0.04089622	0.0
9.5997041015625	-0.047033153	0.0
9.5002822265625	-0.016945045	0.0
9.4008603515625	0.008717542	0.0
9.3014384765625	-0.047557414	0.0
9.2020166015625	0.02280801	0.0
9.1025947265625	0.048662104	0.0
9.0031728515625	0.04555105	0.0
8.9037509765625	0.004170886	0.0
8.8043291015625	0.015558939	0.0
8.7049072265625	0.0010695967	0.0
8.6054853515625	-0.025265064	0.0
8.5060634765625	-0.05390143	0.0
8.406642578125	-0.0015176788	0.0
8.307220703125	-0.032359358	0.0
8.207798828125	0.0015402037	0.0
8.10837646484375	0.0038428723	0.0
8.00895458984375	0.0011456788	0.0
7.909533203125	-0.030878127	0.0
7.810111328125	-0.007925591	0.0
7.710689453125	0.0077195805	0.0
7.611267578125	-0.0125219375	0.0
7.511845703125	-0.036425646	0.0
7.412423828125	0.030865947	0.0
7.313001953125	0.0548585	0.0
7.213580078125	0.054285802	0.0
7.114158203125	0.004765428	0.0
7.014736328125	-0.016249865	0.0
6.91531494140625	-0.008388658	0.0
6.81589306640625	0.010884094	0.0
6.71647119140625	-0.019934965	0.0
6.61704931640625	-0.0011799979	0.0
6.51762744140625	-0.0629349	0.0
6.41820556640625	-0.021248857	0.0
6.31878369140625	0.020380631	0.0
6.21936181640625	0.008937281	1.0780868251458742E-6
6.11993994140625	-0.054503128	1.3778437278233469E-5
6.02051806640625	-0.031810254	8.874005288816988E-5
5.92109619140625	-0.03280493	2.8801598818972707E-4
5.8216748046875	-0.03925963	4.7108091530390084E-4
5.7222529296875	-0.008976144	3.883058379869908E-4
5.6228310546875	-0.020403832	1.6130322183016688E-4
5.5234091796875	-0.015683841	3.376653330633417E-5
5.4239873046875	-0.027135795	3.5621283132059034E-6
5.3245654296875	0.01594689	1.89368705605375E-7
5.2251435546875	0.010418224	0.0
5.1257216796875	0.036041174	0.0
5.0262998046875	0.035807803	0.0
4.9268779296875	0.025163654	0.0
4.82745654296875	0.010198581	0.0
4.72803466796875	0.0074022976	0.0
4.62861279296875	0.0433118	0.0
4.52919091796875	-0.0026364825	0.0
4.42976904296875	0.042016085	0.0
4.33034716796875	0.030830951	0.0
4.23092529296875	-0.003137735	0.0
4.13150341796875	-0.023924299	0.0
4.032081787109375	-0.0015900874	0.0
3.932659912109375	0.041838013	0.0
3.833238037109375	0.011637278	0.0
3.733816162109375	0.01358786	0.0
3.634394287109375	-0.08016407	0.0
3.53497265625	-0.08566025	0.0
3.43555078125	0.0062966417	0.0
3.33612890625	-0.028979072	0.0
3.23670703125	-0.011501161	0.0
3.13728515625	0.01037414	0.0
3.037863525390625	-0.017633747	0.0
2.938441650390625	0.038191777	0.0
2.839019775390625	-0.019255448	0.0
2.739597900390625	-0.002003657	0.0
2.640176025390625	0.04668639	0.0
2.54075439453125	0.023545532	0.0
2.44133251953125	0.06437292	0.0
2.34191064453125	0.050206855	0.0
2.24248876953125	-0.009613706	0.0
2.14306689453125	-0.07022699	0.0
2.0436451416015626	-0.058563802	0.0
1.944223388671875	-0.021062277	0.0
1.844801513671875	-0.006345172	0.0
1.745379638671875	-4.291341E-4	0.0
1.6459578857421875	-0.08197728	0.0
1.5465360107421875	-0.024129732	0.0
1.4471141357421875	0.05007673	0.0
1.3476923828125	0.052094307	0.0
1.2482705078125	0.021689689	0.0
1.1488487548828126	-0.008666981	0.0
1.0494268798828126	-0.083834566	0.0
0.9500050659179687	0.0070083523	0.0
0.850583251953125	-0.02045333	0.0
0.751161376953125	-0.009490253	0.0
