10.8117744140625	0.006419062	0.0
10.6611533203125	0.0035037545	0.0
10.5105322265625	-0.0012193654	0.0
10.3599111328125	-0.0024320013	0.0
10.2092900390625	0.00980548	0.0
10.0586689453125	0.003618334	0.0
9.9080478515625	-0.0015975777	0.0
9.7574267578125	-0.0061872294	0.0
9.6068056640625	-0.002589652	0.0
9.4561845703125	-0.006009314	0.0
9.3055634765625	0.0020624702	0.0
9.1549423828125	-9.906761E-4	0.0
9.0043212890625	-0.0011061421	0.0
8.85369921875	-0.0060265535	0.0
8.703078125	-0.0055772346	0.0
8.55245703125	0.0020083964	0.0
8.4018359375	0.006453987	0.0
8.25121484375	0.0032207891	0.0
8.10059375	-1.9829176E-4	0.0
7.94997265625	-0.0025001953	0.0
7.7993515625	-9.5941214E-4	0.0
7.64873046875	-0.0035521104	0.0
7.498109375	9.413525E-5	0.0
7.34748828125	0.0021579124	0.0
7.19686669921875	0.006496918	0.0
7.04624560546875	0.0018930732	0.0
6.89562451171875	6.673382E-4	0.0
6.74500341796875	3.9059724E-4	0.0
6.59438232421875	-0.0016685755	0.0
6.44376123046875	-0.004823529	0.0
6.29314013671875	-0.0027098358	1.0331161348631213E-7
6.14251904296875	0.0022166632	8.110027920338325E-6
5.9918974609375	-3.2283974E-4	1.3207452138885856E-4
5.8412763671875	0.0051232707	4.461976350285113E-4
5.6906552734375	0.0022791845	3.1274312641471624E-4
5.5400341796875	6.956898E-4	4.547609205474146E-5
5.3894130859375	0.001726133	1.3717889260078664E-6
5.2387919921875	-0.0026499392	0.0
5.0881708984375	-0.009924533	0.0
4.9375498046875	-0.0045219176	0.0
4.78692822265625	-0.0018935753	0.0
4.63630712890625	-6.7148125E-4	0.0
4.48568603515625	0.0028286318	0.0
4.33506494140625	0.0018073481	0.0
4.18444384765625	-2.0917352E-4	0.0
4.03382275390625	3.3543175E-4	0.0
3.883201416015625	3.0420543E-4	0.0
3.732580322265625	0.0026458763	0.0
3.581959228515625	0.0034943826	0.0
3.431338134765625	0.0019527498	0.0
3.280716796875	3.3573824E-4	0.0
3.130095703125	-0.0053891884	0.0
2.979474609375	-0.011979923	0.0
2.828853515625	-0.00822781	0.0
2.678232177734375	0.0010002909	0.0
2.527611083984375	0.0049870526	0.0
2.376989990234375	0.0011113492	0.0
2.226368896484375	-0.0034301814	0.0
2.07574755859375	-0.0021388913	0.0
1.92512646484375	0.00279406	0.0
1.77450537109375	0.005067067	0.0
1.6238841552734375	0.0035207202	0.0
1.4732630615234374	0.0058976295	0.0
1.322641845703125	-0.0018078975	0.0
1.172020751953125	-0.0017144354	0.0
1.0213995361328125	-0.0013088578	0.0
0.8707783813476563	-0.0014432472	0.0
