10.8172919921875	-0.06261635	0.0
10.7197783203125	0.047998484	0.0
10.622263671875	0.024664894	0.0
10.52475	0.0025758746	0.0
10.4272353515625	-0.0036062247	0.0
10.3297216796875	0.07755221	0.0
10.23220703125	-0.011802572	0.0
10.134693359375	-0.06345246	0.0
10.0371796875	-0.058954455	0.0
9.9396650390625	-0.028831609	0.0
9.8421513671875	0.041390292	0.0
9.74463671875	0.04562145	0.0
9.647123046875	0.123148955	0.0
9.5496083984375	0.036299497	0.0
9.4520947265625	0.009987946	0.0
9.3545810546875	0.0053173658	0.0
9.25706640625	-0.033913564	0.0
9.159552734375	-0.08147858	0.0
9.0620380859375	0.026638668	0.0
8.9645244140625	0.044831	0.0
8.8670107421875	-0.054576457	0.0
8.76949609375	-0.07657673	0.0
8.671982421875	-0.08185353	0.0
8.5744677734375	-0.040201753	0.0
8.4769541015625	-0.05650784	0.0
8.379439453125	0.015875855	0.0
8.28192578125	0.07585243	0.0
8.18441162109375	0.01928961	0.0
8.0868974609375	-0.07082602	0.0
7.98938330078125	-0.0017563183	0.0
7.89186962890625	-0.03187695	0.0
7.79435546875	0.04949129	0.0
7.69684130859375	0.023468632	0.0
7.5993271484375	0.026595747	0.0
7.50181298828125	0.048489556	0.0
7.404298828125	-0.00148751	0.0
7.30678466796875	0.012588124	0.0
7.20927099609375	-0.0043549286	0.0
7.1117568359375	-0.0038738567	0.0
7.01424267578125	-0.045028247	0.0
6.916728515625	-0.017135324	0.0
6.81921435546875	-0.02390012	0.0
6.7217001953125	0.020941269	0.0
6.6241865234375	-0.034489557	0.0
6.52667236328125	0.04049263	0.0
6.429158203125	0.006714914	0.0
6.33164404296875	0.044756226	0.0
6.2341298828125	0.039673563	3.9024027387313254E-7
6.13661572265625	0.0136208255	5.282086931401864E-6
6.03910205078125	-0.0654329	3.698033469845541E-5
5.941587890625	-0.05515312	1.339130976703018E-4
5.84407373046875	0.046466686	2.5082501815631986E-4
5.7465595703125	0.034555133	2.4300786026287824E-4
5.64904541015625	-0.037114363	1.217785247717984E-4
5.55153125	-0.05685044	3.1565490644425154E-5
5.45401708984375	-0.042932242	4.231978437019279E-6
5.35650341796875	-0.053633202	2.934718281721871E-7
5.2589892578125	-0.055983648	0.0
5.16147509765625	-0.008230157	0.0
5.0639609375	0.018000841	0.0
4.96644677734375	0.010245582	0.0
4.8689326171875	-0.0031464184	0.0
4.7714189453125	0.03958899	0.0
4.67390478515625	-0.07306968	0.0
4.576390625	-0.061972104	0.0
4.47887646484375	-0.09394245	0.0
4.3813623046875	-0.020201089	0.0
4.28384814453125	0.013762138	0.0
4.186333984375	0.004886959	0.0
4.088820068359375	-0.010919219	0.0
3.99130615234375	0.052558526	0.0
3.8937919921875	0.0040724985	0.0
3.79627783203125	-0.032879077	0.0
3.698763671875	0.018262496	0.0
3.601249755859375	0.10091726	0.0
3.503735595703125	0.015323539	0.0
3.406221435546875	0.07148907	0.0
3.30870751953125	0.028368333	0.0
3.211193359375	-0.061719954	0.0
3.11367919921875	-0.05916956	0.0
3.016165283203125	0.007905294	0.0
2.918651123046875	-0.021481432	0.0
2.821136962890625	5.262487E-5	0.0
2.723623046875	0.007867761	0.0
2.62610888671875	0.073086336	0.0
2.5285947265625	-0.03424445	0.0
2.43108056640625	-0.023041265	0.0
2.333566650390625	-0.035719603	0.0
2.236052490234375	0.015432218	0.0
2.138538330078125	-0.0053375536	0.0
2.0410242919921875	-0.06511333	0.0
1.94351025390625	-0.02969787	0.0
1.8459962158203125	0.0047170306	0.0
1.7484820556640626	-0.024305634	0.0
1.650968017578125	0.012525895	0.0
1.5534539794921876	0.04604	0.0
1.4559398193359374	0.012418489	0.0
1.35842578125	0.006181119	0.0
1.26091162109375	-0.018816674	0.0
1.1633975830078125	-9.2490413E-4	0.0
1.065883544921875	-0.03900805	0.0
0.968369384765625	0.0013926481	0.0
0.8708553466796874	0.015750417	0.0
0.7733412475585938	-0.04550087	0.0
