10.768314453125	-3.495062E-5	0.0
10.6002802734375	-0.0018088073	0.0
10.4322451171875	-6.6087703E-4	0.0
10.2642099609375	-0.0031032162	0.0
10.09617578125	-0.004236558	0.0
9.928140625	-0.0075950385	0.0
9.76010546875	-0.0022073651	0.0
9.5920712890625	-8.900318E-4	0.0
9.4240361328125	-0.005154007	0.0
9.2560009765625	-0.0015637107	0.0
9.087966796875	0.004611244	0.0
8.919931640625	6.2792024E-6	0.0
8.751896484375	-0.0038849497	0.0
8.583861328125	-0.0013399421	0.0
8.4158271484375	0.001599275	0.0
8.2477919921875	-3.4083618E-4	0.0
8.07975732421875	3.1026115E-4	0.0
7.91172216796875	-0.0010542113	0.0
7.7436875	-2.2660162E-4	0.0
7.57565283203125	9.672859E-4	0.0
7.40761767578125	0.0017193106	0.0
7.2395830078125	0.0017063733	0.0
7.07154833984375	0.0026868402	0.0
6.90351318359375	0.00286236	0.0
6.735478515625	0.0012736857	0.0
6.567443359375	-0.0014099516	0.0
6.39940869140625	-6.3714955E-4	0.0
6.2313740234375	-0.0053627095	2.826210447892663E-7
6.0633388671875	-0.0045477576	1.616606823517941E-5
5.89530419921875	-0.0012367503	1.3057098840363324E-4
5.72726904296875	-0.0020783166	1.4891830505803227E-4
5.559234375	1.5831529E-4	2.3983413484529592E-5
5.39119970703125	-0.0043304483	5.454016331896128E-7
5.22316455078125	-5.0017097E-5	0.0
5.0551298828125	-0.0010895588	0.0
4.88709521484375	-0.0029651728	0.0
4.71906005859375	-3.9724074E-4	0.0
4.551025390625	-0.005101933	0.0
4.382990234375	2.4387844E-4	0.0
4.21495556640625	-0.0013476738	0.0
4.046920654296875	0.004278476	0.0
3.8788857421875	0.0045289183	0.0
3.71085107421875	0.0041077444	0.0
3.542816162109375	0.0028009797	0.0
3.37478125	0.0025733218	0.0
3.206746337890625	-0.004993751	0.0
3.038711669921875	-0.0019202506	0.0
2.8706767578125	8.006378E-4	0.0
2.702641845703125	-0.0018403803	0.0
2.53460693359375	-0.0021633443	0.0
2.366572265625	-0.0020849805	0.0
2.198537353515625	1.6224322E-4	0.0
2.03050244140625	-0.0062805344	0.0
1.862467529296875	-0.005708207	0.0
1.6944327392578125	0.0030006953	0.0
1.5263978271484375	4.6223123E-4	0.0
1.358363037109375	6.718095E-4	0.0
1.190328125	0.005101001	0.0
1.0222932739257813	0.006766601	0.0
0.8542584228515625	-7.377161E-4	0.0
