10.745859375	0.0030532621	0.0
10.577896484375	0.0036589887	0.0
10.40993359375	0.0047640745	0.0
10.2419697265625	0.0021288842	0.0
10.0740068359375	-0.0027596012	0.0
9.9060439453125	-0.002279188	0.0
9.738080078125	-0.0028009212	0.0
9.5701171875	-0.002685983	0.0
9.402154296875	0.0031202042	0.0
9.2341904296875	0.006317996	0.0
9.0662275390625	-0.0025173647	0.0
8.8982646484375	-7.573837E-4	0.0
8.73030078125	-4.2763533E-4	0.0
8.562337890625	0.0023643544	0.0
8.394375	-0.0010475261	0.0
8.2264111328125	9.214008E-4	0.0
8.0584482421875	-8.1918326E-5	0.0
7.89048486328125	0.0016059782	0.0
7.722521484375	0.001768191	0.0
7.55455859375	0.0057097436	0.0
7.38659521484375	0.0011923268	0.0
7.2186318359375	-0.0012239031	0.0
7.0506689453125	-0.0017870466	0.0
6.88270556640625	0.0035816713	0.0
6.7147421875	0.002839354	0.0
6.546779296875	-0.0022864959	0.0
6.37881591796875	-1.7069327E-4	0.0
6.2108525390625	0.004602764	4.2621059037628584E-7
6.0428896484375	-4.990883E-4	1.917225199576933E-5
5.87492626953125	0.0027407457	1.2198221520520747E-4
5.706962890625	1.0907408E-4	1.0977443162119016E-4
5.539	-0.0050150617	1.3972970009490382E-5
5.37103662109375	-0.0039835945	2.515612322895322E-7
5.2030732421875	-0.004235845	0.0
5.0351103515625	-0.0038341025	0.0
4.86714697265625	0.0014860779	0.0
4.69918359375	0.0049842075	0.0
4.531220703125	0.001055736	0.0
4.36325732421875	0.002263941	0.0
4.1952939453125	0.0029951613	0.0
4.027330810546875	2.481909E-4	0.0
3.85936767578125	0.004422868	0.0
3.691404296875	6.283713E-4	0.0
3.523441162109375	-0.006518372	0.0
3.35547802734375	0.0031451948	0.0
3.1875146484375	0.006349663	0.0
3.019551513671875	0.00874406	0.0
2.85158837890625	0.0071959114	0.0
2.683625	-2.6524218E-4	0.0
2.515661865234375	-7.279725E-4	0.0
2.347698486328125	-0.0029556458	0.0
2.1797353515625	4.8609686E-4	0.0
2.0117720947265627	0.0034966855	0.0
1.8438089599609375	-0.0016220371	0.0
1.675845703125	-0.005566206	0.0
1.5078824462890625	-4.75E-4	0.0
1.3399193115234376	-5.7920226E-4	0.0
1.1719560546875	-8.651947E-5	0.0
1.0039927978515626	0.0017682811	0.0
0.8360296020507813	-0.0030984615	0.0
