10.8580654296875	-0.0052879727	0.0
10.676771484375	0.013051876	0.0
10.4954775390625	0.0056813858	0.0
10.31418359375	0.009101549	0.0
10.1328896484375	0.0016117346	0.0
9.951595703125	0.0074067297	0.0
9.7703017578125	-0.010607174	0.0
9.5890078125	-0.018721733	0.0
9.4077138671875	-0.0012234575	0.0
9.226419921875	-0.0037862353	0.0
9.0451259765625	0.0016513286	0.0
8.86383203125	-0.006181537	0.0
8.6825380859375	0.0048284847	0.0
8.501244140625	-0.018330064	0.0
8.3199501953125	-0.009797871	0.0
8.13865576171875	-0.0060212873	0.0
7.95736181640625	0.011856275	0.0
7.77606787109375	0.012731023	0.0
7.59477392578125	-0.0042050057	0.0
7.4134794921875	-0.026322667	0.0
7.232185546875	0.0207945	0.0
7.0508916015625	0.010460259	0.0
6.86959765625	-0.00261774	0.0
6.6883037109375	-0.008041906	0.0
6.507009765625	0.007338305	0.0
6.3257158203125	-0.0068329615	0.0
6.144421875	0.002189242	2.3728616724838503E-6
5.9631279296875	0.0075990544	5.761244392488152E-5
5.78183349609375	0.026791707	1.4326872769743204E-4
5.60053955078125	0.016037185	3.649139398476109E-5
5.41924560546875	-0.0056719403	9.519598052065703E-7
5.23795166015625	0.009308756	0.0
5.05665771484375	0.006606922	0.0
4.87536376953125	0.0047273478	0.0
4.69406982421875	0.00489261	0.0
4.51277587890625	-0.0023022012	0.0
4.3314814453125	0.007777426	0.0
4.1501875	-0.0044085938	0.0
3.9688935546875	-9.1335445E-5	0.0
3.787599609375	-0.019972298	0.0
3.6063056640625	0.018666971	0.0
3.42501171875	0.022927985	0.0
3.243717529296875	1.328573E-4	0.0
3.062423583984375	0.005673712	0.0
2.881129638671875	0.0079086805	0.0
2.699835693359375	-0.0066707395	0.0
2.51854150390625	0.009137736	0.0
2.33724755859375	-0.010967244	0.0
2.15595361328125	0.00684407	0.0
1.9746595458984375	0.0019946664	0.0
1.7933656005859375	-0.001346583	0.0
1.6120716552734375	0.009220048	0.0
1.430777587890625	0.0013914336	0.0
1.249483642578125	-0.013253422	0.0
1.0681895751953125	-0.013353598	0.0
0.8868955688476563	0.010923217	0.0
