10.73732421875	-2.6301685E-4	0.0
10.564845703125	0.0026290654	0.0
10.3923671875	-3.4836208E-4	0.0
10.2198876953125	-8.618858E-4	0.0
10.0474091796875	-0.0012639553	0.0
9.8749306640625	-0.003848755	0.0
9.7024521484375	-0.00305562	0.0
9.5299736328125	-6.8274356E-4	0.0
9.357494140625	0.0013312001	0.0
9.185015625	0.0012250384	0.0
9.012537109375	0.0028364367	0.0
8.84005859375	0.0023763464	0.0
8.6675791015625	0.0032147083	0.0
8.4951005859375	0.0027025673	0.0
8.3226220703125	-3.6529408E-4	0.0
8.1501435546875	-0.0022842684	0.0
7.97766455078125	0.0018335611	0.0
7.80518603515625	0.005336266	0.0
7.63270703125	0.0016561637	0.0
7.460228515625	-3.948428E-4	0.0
7.28774951171875	6.772493E-4	0.0
7.11527099609375	-0.0016227846	0.0
6.94279248046875	-0.0014242823	0.0
6.7703134765625	-0.0010183499	0.0
6.5978349609375	3.5477118E-4	0.0
6.42535595703125	-2.1118145E-5	0.0
6.25287744140625	7.103116E-4	7.228335618947312E-8
6.0803984375	0.0016523097	5.794890967081301E-6
5.907919921875	0.002910597	5.906639853492379E-5
5.73544140625	0.0013536446	7.654713408555835E-5
5.56296240234375	-0.004678008	1.2612848877324723E-5
5.39048388671875	-0.0035522284	2.642321703660855E-7
5.2180048828125	-0.0029214476	0.0
5.0455263671875	0.0026771375	0.0
4.87304736328125	0.0019310049	0.0
4.70056884765625	-0.0017648541	0.0
4.52808984375	-0.0014044008	0.0
4.355611328125	0.0021177407	0.0
4.1831328125	0.0014719728	0.0
4.01065380859375	1.8152577E-4	0.0
3.83817529296875	0.001456866	0.0
3.665696533203125	0.0016131643	0.0
3.4932177734375	-1.9290409E-4	0.0
3.320739013671875	4.7534224E-4	0.0
3.14826025390625	0.002471886	0.0
2.975781494140625	0.005212768	0.0
2.803302734375	0.0039099194	0.0
2.630823974609375	-0.0018239889	0.0
2.458345458984375	-0.003344566	0.0
2.28586669921875	-0.0014472791	0.0
2.113387939453125	0.0013660033	0.0
1.9409091796875	0.0026098902	0.0
1.768430419921875	6.5322407E-4	0.0
1.5959517822265625	0.0026097214	0.0
1.4234730224609375	-9.2108804E-4	0.0
1.2509942626953126	-0.0045968313	0.0
1.0785155029296876	-0.0010689282	0.0
0.9060368041992187	-0.0010779949	0.0
0.73355810546875	-0.0031863432	0.0
