10.838470703125	0.008585692	0.0
10.6569970703125	-0.023767807	0.0
10.4755234375	-0.021738343	0.0
10.2940498046875	-0.0010989851	0.0
10.112576171875	-6.143317E-4	0.0
9.9311025390625	0.0013857207	0.0
9.74962890625	0.0045612287	0.0
9.5681552734375	-0.0042912737	0.0
9.386681640625	-2.7853873E-4	0.0
9.2052080078125	-0.013133582	0.0
9.023734375	-0.008690234	0.0
8.8422607421875	-0.023070961	0.0
8.660787109375	-0.012502954	0.0
8.479314453125	0.0111392345	0.0
8.2978408203125	0.008947197	0.0
8.11636669921875	0.013930592	0.0
7.93489306640625	0.009295531	0.0
7.753419921875	0.0051758867	0.0
7.5719462890625	-0.0047739428	0.0
7.39047265625	-0.010805496	0.0
7.2089990234375	0.0016183037	0.0
7.027525390625	-0.010250743	0.0
6.8460517578125	-0.0014327932	0.0
6.66457861328125	-0.0026413605	0.0
6.48310498046875	-1.2233641E-4	0.0
6.30163134765625	0.029044168	0.0
6.12015771484375	-0.0048971265	2.483930984453764E-6
5.93868408203125	0.012389618	4.453373549040407E-5
5.75721044921875	-0.015683316	8.140838326653466E-5
5.57573681640625	0.014028733	1.5173525753198192E-5
5.394263671875	-0.010523995	2.883570573430916E-7
5.2127900390625	0.005082037	0.0
5.03131640625	-0.005646492	0.0
4.8498427734375	-0.0051176264	0.0
4.668369140625	0.018544275	0.0
4.4868955078125	0.0043434515	0.0
4.305421875	0.015606604	0.0
4.12394873046875	0.008141953	0.0
3.942474853515625	-0.004837093	0.0
3.76100146484375	-0.016461248	0.0
3.57952783203125	-0.013546517	0.0
3.39805419921875	8.281803E-4	0.0
3.216580810546875	-0.017426614	0.0
3.035107177734375	-0.007608355	0.0
2.853633544921875	0.01894054	0.0
2.672159912109375	0.006942638	0.0
2.4906865234375	-0.023382515	0.0
2.309212890625	0.012956322	0.0
2.1277392578125	0.016423756	0.0
1.9462657470703124	-0.0027277865	0.0
1.764792236328125	0.016558258	0.0
1.583318603515625	4.8741698E-4	0.0
1.4018450927734376	0.01892235	0.0
1.22037158203125	0.015616578	0.0
1.03889794921875	-0.016416473	0.0
0.8574243774414062	-0.008081682	0.0
