10.7705224609375	-0.0019500712	0.0
10.602669921875	-6.661729E-4	0.0
10.4348173828125	-0.0016205935	0.0
10.2669658203125	-0.0034236088	0.0
10.09911328125	0.006119426	0.0
9.9312607421875	0.0101507455	0.0
9.7634091796875	0.007770152	0.0
9.595556640625	-0.0027874787	0.0
9.4277041015625	-0.0067745917	0.0
9.2598525390625	-0.0049674264	0.0
9.092	-6.4217474E-4	0.0
8.9241474609375	0.0028478347	0.0
8.7562958984375	-4.1067429E-4	0.0
8.588443359375	-0.0031028823	0.0
8.4205908203125	-2.2121558E-4	0.0
8.2527392578125	2.3095918E-5	0.0
8.08488671875	0.003376244	0.0
7.9170341796875	0.002115261	0.0
7.74918212890625	0.0040706554	0.0
7.581330078125	0.0059510777	0.0
7.4134775390625	0.002699155	0.0
7.24562548828125	-0.0029078298	0.0
7.07777294921875	-0.0038774975	0.0
6.9099208984375	-0.0012500666	0.0
6.74206884765625	-6.522793E-5	0.0
6.57421630859375	-0.003649155	0.0
6.4063642578125	-1.3153846E-4	0.0
6.23851220703125	0.0011184379	7.184981143382174E-8
6.07065966796875	-5.7288696E-4	4.450952928891638E-6
5.9028076171875	-2.682194E-4	3.909975566784851E-5
5.734955078125	-0.0051888223	4.870763950748369E-5
5.56710302734375	-0.008123249	8.604382855992299E-6
5.3992509765625	-0.009440176	2.155474447818051E-7
5.2313984375	-3.3407882E-4	0.0
5.06354638671875	0.0033144446	0.0
4.89569384765625	-9.934853E-4	0.0
4.727841796875	0.0038756933	0.0
4.55998974609375	3.2947768E-4	0.0
4.39213720703125	0.0012755983	0.0
4.22428515625	8.9144823E-4	0.0
4.056432861328125	-0.0012353609	0.0
3.88858056640625	0.0013451567	0.0
3.720728515625	-0.002631401	0.0
3.552876220703125	0.002241567	0.0
3.38502392578125	6.4163347E-4	0.0
3.217171630859375	-0.0055817235	0.0
3.049319580078125	-0.0018727541	0.0
2.88146728515625	4.01472E-5	0.0
2.713614990234375	-2.472887E-4	0.0
2.5457626953125	-0.0012005365	0.0
2.37791064453125	0.0024780293	0.0
2.210058349609375	-1.4425926E-4	0.0
2.0422060546875	-0.0030659828	0.0
1.8743538818359375	0.003074283	0.0
1.7065015869140625	0.0021173363	0.0
1.5386494140625	-0.0034371414	0.0
1.370797119140625	-2.9411205E-5	0.0
1.2029449462890625	4.4703227E-4	0.0
1.0350926513671874	-0.0023888033	0.0
0.8672404174804688	-5.3986703E-4	0.0
