#xValues(km/s)	yValues(K)	simulate(Show Plot)	simulate(All Species)
10.7967880859375	0.007668745	0.0	0.0
10.6505517578125	0.010036754	0.0	0.0
10.5043154296875	0.0035555374	0.0	0.0
10.3580791015625	-0.001024707	0.0	0.0
10.2118427734375	-3.447036E-4	0.0	0.0
10.0656064453125	0.0056089456	0.0	0.0
9.9193701171875	0.0036225636	0.0	0.0
9.7731337890625	0.0021968926	0.0	0.0
9.6268974609375	0.0035743285	0.0	0.0
9.4806611328125	0.00587613	0.0	0.0
9.3344248046875	-6.6336754E-5	0.0	0.0
9.1881884765625	-0.0048922603	0.0	0.0
9.0419521484375	-0.0066585015	0.0	0.0
8.8957158203125	-0.0017654046	0.0	0.0
8.74948046875	0.0016496453	0.0	0.0
8.603244140625	-0.002711569	0.0	0.0
8.4570078125	0.0016624591	0.0	0.0
8.310771484375	0.0020366176	0.0	0.0
8.16453466796875	-0.00291533	0.0	0.0
8.018298828125	-0.0015671615	0.0	0.0
7.8720625	-1.7711434E-4	0.0	0.0
7.725826171875	3.011761E-4	0.0	0.0
7.57958984375	0.0027691112	0.0	0.0
7.433353515625	9.843288E-4	0.0	0.0
7.2871171875	-0.0020834361	0.0	0.0
7.140880859375	0.0068902983	4.888151579507394E-6	4.888151579507394E-6
6.99464453125	0.0062077665	3.1840161682339385E-5	3.1840161682339385E-5
6.848408203125	0.0045966734	1.6245045117102563E-4	1.6245045117102563E-4
6.70217236328125	0.0017356894	6.491901003755629E-4	6.491901003755629E-4
6.55593603515625	-4.938046E-4	0.0020319558680057526	0.0020319558680057526
6.40969970703125	-0.00532286	0.004981077276170254	0.004981077276170254
6.26346337890625	0.007062849	0.009563052095472813	0.009563052095472813
6.11722705078125	0.008965656	0.014380714856088161	0.014380714856088161
5.97099072265625	0.01049231	0.016941804438829422	0.016941804438829422
5.82475439453125	0.021376569	0.015638219192624092	0.015638219192624092
5.67851806640625	0.015513533	0.011309303343296051	0.011309303343296051
5.53228173828125	0.009279527	0.006406520493328571	0.006406520493328571
5.38604541015625	0.002691125	0.002842384623363614	0.002842384623363614
5.2398095703125	5.68131E-4	9.876551339402795E-4	9.876551339402795E-4
5.0935732421875	-0.0019249667	2.6878848439082503E-4	2.6878848439082503E-4
4.9473369140625	-0.0041458644	5.729497934225947E-5	5.729497934225947E-5
4.8011005859375	-0.0037562882	9.566126209392678E-6	9.566126209392678E-6
4.6548642578125	-0.0074399495	0.0	0.0
4.5086279296875	-3.4585762E-5	0.0	0.0
4.3623916015625	-6.043928E-4	0.0	0.0
4.2161552734375	-0.0028626986	0.0	0.0
4.069919189453125	-0.0024297053	0.0	0.0
3.923682861328125	-0.0021399853	0.0	0.0
3.777446533203125	-0.0024669995	0.0	0.0
3.631210205078125	0.0018858351	0.0	0.0
3.48497412109375	0.002872181	0.0	0.0
3.33873779296875	0.0025528083	0.0	0.0
3.19250146484375	-0.0040778555	0.0	0.0
3.04626513671875	-0.0015564024	0.0	0.0
2.90002880859375	0.0046055587	0.0	0.0
2.753792724609375	0.0055621183	0.0	0.0
2.607556396484375	0.0021117695	0.0	0.0
2.461320068359375	-0.0013301553	0.0	0.0
2.315083740234375	-0.0028860364	0.0	0.0
2.168847412109375	-0.0010033548	0.0	0.0
2.0226112060546875	0.0027233982	0.0	0.0
1.876375	-0.0038231188	0.0	0.0
1.730138671875	-0.004303548	0.0	0.0
1.58390234375	-0.006222199	0.0	0.0
1.4376661376953126	-0.008307123	0.0	0.0
1.2914298095703125	-0.0022001674	0.0	0.0
1.145193603515625	4.8671092E-4	0.0	0.0
0.998957275390625	0.0020347633	0.0	0.0
0.8527210083007812	9.5273403E-4	0.0	0.0
