#xValues(km/s)	yValues(K)	simulate(Show Plot)	simulate(All Species)
10.8385576171875	-0.005706836	0.0	0.0
10.6615390625	-4.017209E-5	0.0	0.0
10.4845205078125	0.0031012327	0.0	0.0
10.307501953125	0.00359403	0.0	0.0
10.1304833984375	0.003932927	0.0	0.0
9.95346484375	6.741407E-4	0.0	0.0
9.7764462890625	-6.240404E-4	0.0	0.0
9.599427734375	3.7213208E-4	0.0	0.0
9.4224091796875	0.0010832592	0.0	0.0
9.245390625	1.8600457E-4	0.0	0.0
9.0683720703125	4.9802642E-5	0.0	0.0
8.891353515625	5.9028075E-4	0.0	0.0
8.7143349609375	-0.0025533435	0.0	0.0
8.53731640625	-0.0020548364	0.0	0.0
8.3602978515625	0.0026193294	0.0	0.0
8.183279296875	0.006022608	0.0	0.0
8.0062607421875	0.007772743	0.0	0.0
7.8292421875	0.008411605	0.0	0.0
7.6522236328125	0.0056082434	0.0	0.0
7.475205078125	8.7248324E-4	0.0	0.0
7.2981865234375	2.0980579E-4	0.0	0.0
7.12116796875	-9.1475E-4	0.0	0.0
6.9441494140625	-0.0024234825	0.0	0.0
6.76713037109375	-2.694906E-4	0.0	0.0
6.59011181640625	-4.8854697E-4	0.0	0.0
6.41309326171875	-0.0020049682	0.0	0.0
6.23607470703125	-0.0013939431	3.4158824746555183E-6	0.0
6.05905615234375	5.1147566E-4	2.4320189550053328E-4	0.0
5.88203759765625	5.425949E-4	0.00197196495719254	0.0
5.70501904296875	-0.0064479234	0.0018214195733889937	0.0
5.52800048828125	-0.0098216515	1.9164002151228487E-4	0.0
5.35098193359375	-0.007821707	2.2963540686760098E-6	0.0
5.17396337890625	-0.0034862515	0.0	0.0
4.99694482421875	-9.897382E-4	0.0	0.0
4.81992626953125	0.0060508735	0.0	0.0
4.64290771484375	0.0074419426	0.0	0.0
4.46588916015625	0.0013304636	0.0	0.0
4.28887060546875	5.300196E-4	0.0	0.0
4.11185205078125	-0.003631839	0.0	0.0
3.934833251953125	-0.0059813373	0.0	0.0
3.757814697265625	-0.0024546925	0.0	0.0
3.580796142578125	0.0014723259	0.0	0.0
3.403777587890625	0.002068667	0.0	0.0
3.226759033203125	0.004816099	0.0	0.0
3.049740478515625	0.0058837477	0.0	0.0
2.872721923828125	0.0019352249	0.0	0.0
2.695703369140625	0.0015042141	0.0	0.0
2.5186845703125	0.0056191566	0.0	0.0
2.341666015625	0.0056221327	0.0	0.0
2.1646474609375	0.0018602745	0.0	0.0
1.98762890625	-0.0018343481	0.0	0.0
1.8106103515625	-0.0010864234	0.0	0.0
1.633591796875	0.0012821779	0.0	0.0
1.4565732421875	0.0035558369	0.0	0.0
1.2795546875	0.0028510997	0.0	0.0
1.1025360107421875	-4.886686E-4	0.0	0.0
0.9255174560546875	-0.0013788693	0.0	0.0
0.7484989013671876	-0.0046303775	0.0	0.0
