#xValues(km/s)	yValues(K)	simulate(Show Plot)	simulate(All Species)
10.8456630859375	0.0020387906	0.0	0.0
10.695662109375	0.0036287103	0.0	0.0
10.545662109375	0.0018732661	0.0	0.0
10.3956611328125	0.0011773058	0.0	0.0
10.2456611328125	0.0010762826	0.0	0.0
10.09566015625	0.0014154308	0.0	0.0
9.94566015625	-0.0017707715	0.0	0.0
9.7956591796875	-0.0014428931	0.0	0.0
9.645658203125	-0.0046422374	0.0	0.0
9.495658203125	-0.007275775	0.0	0.0
9.3456572265625	-7.4830255E-4	0.0	0.0
9.1956572265625	7.53713E-4	0.0	0.0
9.04565625	-3.2653043E-4	0.0	0.0
8.89565625	0.0015300101	0.0	0.0
8.7456552734375	0.0049315495	0.0	0.0
8.5956552734375	9.509149E-4	0.0	0.0
8.445654296875	0.0033187242	0.0	0.0
8.2956533203125	0.006470768	0.0	0.0
8.1456533203125	0.0019801361	0.0	0.0
7.99565283203125	-0.002777114	0.0	0.0
7.84565234375	-0.004445095	0.0	0.0
7.69565185546875	-0.0034588939	0.0	0.0
7.54565087890625	0.0023128015	0.0	0.0
7.395650390625	0.00165621	0.0	0.0
7.24564990234375	-0.002665001	0.0	0.0
7.0956494140625	-0.005557813	0.0	0.0
6.94564892578125	-8.803118E-4	0.0	0.0
6.7956484375	-0.0038391594	0.0	0.0
6.64564794921875	-0.0029861163	0.0	0.0
6.4956474609375	-3.6539577E-4	0.0	0.0
6.34564697265625	0.0045625437	0.0	0.0
6.195646484375	0.0025157195	1.9607246213126928E-4	1.9607246213126928E-4
6.0456455078125	0.0039406987	0.005496203433722258	0.005496203433722258
5.89564501953125	0.0052782414	0.03222448378801346	0.03222448378801346
5.74564453125	0.007077506	0.03987344726920128	0.03987344726920128
5.59564404296875	-3.3234013E-4	0.010454511269927025	0.010454511269927025
5.4456435546875	-0.0023177357	5.735540180467069E-4	5.735540180467069E-4
5.29564306640625	7.902199E-4	0.0	0.0
5.145642578125	0.0025039255	0.0	0.0
4.99564208984375	-0.0012280303	0.0	0.0
4.8456416015625	-0.0022759652	0.0	0.0
4.69564111328125	3.221029E-4	0.0	0.0
4.54564013671875	-0.0018905414	0.0	0.0
4.3956396484375	-0.002906197	0.0	0.0
4.24563916015625	-1.739749E-5	0.0	0.0
4.095638671875	-5.0460596E-5	0.0	0.0
3.94563818359375	-0.0016136864	0.0	0.0
3.7956376953125	-2.4264224E-4	0.0	0.0
3.64563720703125	0.0046076025	0.0	0.0
3.49563671875	0.002034337	0.0	0.0
3.345635986328125	-0.0060368935	0.0	0.0
3.195635498046875	-0.006595297	0.0	0.0
3.045635009765625	0.0020437243	0.0	0.0
2.895634521484375	-5.5122614E-4	0.0	0.0
2.745634033203125	1.9207176E-4	0.0	0.0
2.59563330078125	0.0021030982	0.0	0.0
2.4456328125	-0.0042444663	0.0	0.0
2.29563232421875	-0.0025884893	0.0	0.0
2.1456318359375	-0.0067261583	0.0	0.0
1.9956312255859374	-0.013326402	0.0	0.0
1.8456307373046874	-0.008987401	0.0	0.0
1.695630126953125	-0.004097163	0.0	0.0
1.545629638671875	7.085101E-4	0.0	0.0
1.395629150390625	0.0066062436	0.0	0.0
1.2456285400390625	0.004409518	0.0	0.0
1.0956280517578125	0.002486093	0.0	0.0
0.9456275024414063	9.228467E-4	0.0	0.0
0.795626953125	0.0035942527	0.0	0.0
