#xValues(km/s)	yValues(K)	simulate(Show Plot)	simulate(All Species)
10.7268544921875	-1.7424852E-4	0.0	0.0
10.578853515625	8.223012E-5	0.0	0.0
10.4308515625	-0.0051738485	0.0	0.0
10.2828505859375	-0.0088100005	0.0	0.0
10.1348486328125	0.0022954287	0.0	0.0
9.98684765625	0.0042645736	0.0	0.0
9.8388466796875	0.0019387957	0.0	0.0
9.6908447265625	0.0012951143	0.0	0.0
9.54284375	-0.0042017717	0.0	0.0
9.3948427734375	-0.0074351006	0.0	0.0
9.2468408203125	-0.005414969	0.0	0.0
9.09883984375	-0.0014494547	0.0	0.0
8.950837890625	-0.002931168	0.0	0.0
8.8028369140625	-0.0013012482	0.0	0.0
8.6548359375	0.0016788302	0.0	0.0
8.506833984375	0.0020776794	0.0	0.0
8.3588330078125	0.0017589722	0.0	0.0
8.21083203125	5.399384E-4	0.0	0.0
8.062830078125	-0.008667678	0.0	0.0
7.9148291015625	-0.01171623	0.0	0.0
7.76682763671875	2.7182812E-4	0.0	0.0
7.618826171875	0.0070351884	0.0	0.0
7.4708251953125	0.008673407	0.0	0.0
7.32282373046875	-0.005327157	0.0	0.0
7.174822265625	-0.008152053	0.0	0.0
7.02682080078125	-3.515981E-4	0.0	0.0
6.87881982421875	0.0011359848	0.0	0.0
6.730818359375	0.0025140487	0.0	0.0
6.58281689453125	-0.0015114506	0.0	0.0
6.4348154296875	0.002359582	0.0	0.0
6.286814453125	0.0011162579	0.0	0.0
6.13881298828125	0.001223545	0.0	0.0
5.9908115234375	0.008064466	7.126462878659368E-4	7.126462878659368E-4
5.84281005859375	0.009920023	0.012155057862401009	0.012155057862401009
5.69480908203125	0.012150596	0.013020065613090992	0.013020065613090992
5.5468076171875	0.0037831704	8.760395576246083E-4	8.760395576246083E-4
5.39880615234375	-5.159608E-4	3.6954550068912795E-6	3.6954550068912795E-6
5.2508046875	-0.0013733408	0.0	0.0
5.1028037109375	0.0013869411	0.0	0.0
4.95480224609375	-0.0037387812	0.0	0.0
4.80680078125	-0.004697847	0.0	0.0
4.65879931640625	0.003517528	0.0	0.0
4.51079833984375	0.00209475	0.0	0.0
4.362796875	0.005953878	0.0	0.0
4.21479541015625	0.011186945	0.0	0.0
4.066794189453125	0.0050688535	0.0	0.0
3.91879296875	-0.0041793324	0.0	0.0
3.77079150390625	-0.009178035	0.0	0.0
3.622790283203125	-0.0044395393	0.0	0.0
3.474788818359375	-0.006521168	0.0	0.0
3.32678759765625	-0.0046148556	0.0	0.0
3.1787861328125	0.0011380953	0.0	0.0
3.030784912109375	0.0030005232	0.0	0.0
2.882783447265625	-0.0010342229	0.0	0.0
2.7347822265625	0.004208347	0.0	0.0
2.58678076171875	0.004789845	0.0	0.0
2.438779541015625	0.0012775398	0.0	0.0
2.290778076171875	-0.0027273484	0.0	0.0
2.14277685546875	-0.0022453703	0.0	0.0
1.9947755126953124	-0.0043073716	0.0	0.0
1.846774169921875	-0.0025683588	0.0	0.0
1.6987728271484375	-0.0017834927	0.0	0.0
1.550771484375	0.003115998	0.0	0.0
1.4027701416015625	0.009844006	0.0	0.0
1.254768798828125	0.0077999975	0.0	0.0
1.1067674560546874	0.005743958	0.0	0.0
0.95876611328125	0.0015826717	0.0	0.0
0.8107647705078125	0.0023800647	0.0	0.0
