10.7714072265625	0.0018574236	0.0
10.623349609375	0.008002381	0.0
10.4752919921875	-0.0020071587	0.0
10.327234375	-0.0019977055	0.0
10.1791767578125	-0.0038481085	0.0
10.031119140625	-0.0057296203	0.0
9.8830615234375	0.006965155	0.0
9.73500390625	0.0032413648	0.0
9.5869462890625	-6.981839E-4	0.0
9.4388876953125	7.1452657E-4	0.0
9.290830078125	0.0024424568	0.0
9.1427724609375	-0.0013690445	0.0
8.99471484375	-0.0031565663	0.0
8.8466572265625	0.0028080565	0.0
8.698599609375	-0.0030654038	0.0
8.5505419921875	-0.007271107	0.0
8.402484375	-0.0016541881	0.0
8.2544267578125	-0.0015649967	0.0
8.106369140625	0.0020129723	0.0
7.9583115234375	0.0059864544	0.0
7.81025390625	9.082932E-4	0.0
7.6621962890625	0.0025821582	0.0
7.51413818359375	-1.0399497E-4	0.0
7.36608056640625	0.0041614133	0.0
7.21802294921875	0.003921278	0.0
7.06996533203125	-6.737004E-4	0.0
6.92190771484375	-0.005770972	0.0
6.77385009765625	-0.0057503446	0.0
6.62579248046875	-0.004232198	0.0
6.47773486328125	-0.0087095555	0.0
6.32967724609375	-0.008869494	0.0
6.181619140625	-0.0050535034	0.0
6.0335615234375	-5.8089645E-4	1.859964249888435E-4
5.88550390625	0.009344431	0.007066824473440647
5.7374462890625	0.006927718	0.016809184104204178
5.589388671875	-7.912629E-4	0.0025082898791879416
5.4413310546875	0.0026319032	2.341590152354911E-5
5.2932734375	0.0013729593	0.0
5.1452158203125	0.001868842	0.0
4.997158203125	3.5582698E-4	0.0
4.84910009765625	-0.0014307689	0.0
4.70104248046875	0.0016658664	0.0
4.55298486328125	0.0030142388	0.0
4.40492724609375	-4.7236818E-4	0.0
4.25686962890625	-7.483806E-4	0.0
4.10881201171875	-0.0042243507	0.0
3.960754150390625	-1.8944469E-4	0.0
3.812696533203125	0.010173225	0.0
3.664638916015625	0.012056375	0.0
3.516581298828125	0.0026653544	0.0
3.368523681640625	-0.001280889	0.0
3.2204658203125	0.0052873134	0.0
3.072408203125	0.007069968	0.0
2.9243505859375	-0.0010734618	0.0
2.77629296875	-0.003993828	0.0
2.628235107421875	-4.4346738E-4	0.0
2.480177490234375	0.0066746757	0.0
2.332119873046875	0.0010769657	0.0
2.184062255859375	-0.0038717396	0.0
2.0360045166015626	-0.0052343463	0.0
1.8879468994140625	-0.0013299026	0.0
1.73988916015625	-0.0024200005	0.0
1.59183154296875	-5.002742E-4	0.0
1.4437738037109376	-9.817514E-4	0.0
1.2957161865234375	-0.005009159	0.0
1.147658447265625	-0.001394548	0.0
0.999600830078125	-9.418184E-4	0.0
0.8515431518554688	0.0026592	0.0
