10.7319462890625	0.0016371035	0.0
10.54689453125	-0.0025911634	0.0
10.36184375	-0.00816982	0.0
10.1767919921875	-0.006596591	0.0
9.991740234375	0.004277075	0.0
9.8066884765625	0.004445242	0.0
9.6216376953125	-0.0016094066	0.0
9.4365859375	-0.005045465	0.0
9.2515341796875	-0.008388599	0.0
9.0664833984375	-0.0020519278	0.0
8.881431640625	-0.003040361	0.0
8.6963798828125	-0.0053003323	0.0
8.5113291015625	0.0040877066	0.0
8.32627734375	0.0029187466	0.0
8.14122607421875	0.0010837037	0.0
7.95617431640625	7.830959E-5	0.0
7.771123046875	0.002857037	0.0
7.5860712890625	0.0055865054	0.0
7.40102001953125	0.0048584426	0.0
7.21596875	0.0057146153	0.0
7.0309169921875	4.4207027E-6	0.0
6.84586572265625	0.0028427825	0.0
6.660814453125	0.0011394587	0.0
6.4757626953125	-0.0033240076	0.0
6.29071142578125	0.0022504986	0.0
6.10565966796875	0.0017520419	1.1479484783194494E-5
5.9206083984375	0.0072710635	0.003793069627135992
5.73555712890625	0.01820698	0.016520898789167404
5.55050537109375	0.01378357	9.511862881481647E-4
5.3654541015625	0.0053470656	0.0
5.18040234375	3.856838E-4	0.0
4.99535107421875	-0.0060154037	0.0
4.8102998046875	-0.0062469942	0.0
4.625248046875	-0.0065771937	0.0
4.44019677734375	-0.0055128867	0.0
4.2551455078125	-0.00301519	0.0
4.07009375	-0.0028533381	0.0
3.88504248046875	-0.0064207553	0.0
3.699990966796875	-0.0058374023	0.0
3.514939453125	7.69473E-4	0.0
3.329887939453125	0.008379216	0.0
3.144836669921875	0.0069026113	0.0
2.95978515625	0.008102336	0.0
2.774733642578125	0.0027787276	0.0
2.58968212890625	-0.0038664008	0.0
2.404630859375	-0.002422455	0.0
2.219579345703125	-1.5391264E-4	0.0
2.03452783203125	6.70774E-4	0.0
1.849476318359375	0.0024851568	0.0
1.6644249267578124	0.0037185329	0.0
1.4793734130859375	0.0015927161	0.0
1.294322021484375	0.005635855	0.0
1.1092705078125	0.010294103	0.0
0.9242191162109376	0.005345171	0.0
0.7391676635742187	0.0012836277	0.0
