10.8204814453125	-0.0041873865	0.0
10.669005859375	0.010251368	0.0
10.51753125	0.007337019	0.0
10.3660556640625	-0.0016277622	0.0
10.214580078125	0.016540974	0.0
10.0631044921875	0.002889906	0.0
9.91162890625	-0.009819588	0.0
9.760154296875	-0.009107317	0.0
9.6086787109375	-0.0010661915	0.0
9.457203125	-0.005994313	0.0
9.3057275390625	0.0021436731	0.0
9.154251953125	-0.0037362166	0.0
9.0027763671875	-0.010674233	0.0
8.8513017578125	0.0026285525	0.0
8.699826171875	0.0195929	0.0
8.5483505859375	0.013912563	0.0
8.396875	0.0013112366	0.0
8.2453994140625	0.0010179472	0.0
8.09392431640625	0.0061601307	0.0
7.94244921875	-0.0074510705	0.0
7.7909736328125	0.0030747568	0.0
7.639498046875	1.4094912E-4	0.0
7.48802294921875	0.0062950333	0.0
7.33654736328125	0.010012033	0.0
7.18507177734375	0.008700217	0.0
7.0335966796875	-0.011024148	0.0
6.88212109375	0.0027958583	0.0
6.7306455078125	-0.0062184865	0.0
6.57917041015625	0.0025061413	0.0
6.42769482421875	-0.005403885	0.0
6.2762197265625	-0.003652571	0.0
6.124744140625	-0.0065986766	2.2046970116207376E-6
5.9732685546875	0.0097230775	5.054844659753144E-4
5.82179345703125	-0.0013464313	0.006373745389282703
5.67031787109375	0.0017334013	0.004424343816936016
5.51884228515625	0.013878078	1.6899999172892421E-4
5.3673671875	-0.010056079	0.0
5.2158916015625	-0.003616127	0.0
5.064416015625	-0.005268956	0.0
4.91294091796875	-0.0025435537	0.0
4.76146533203125	0.008152132	0.0
4.609990234375	3.8237218E-4	0.0
4.4585146484375	-0.005251415	0.0
4.3070390625	0.0011929607	0.0
4.15556396484375	-0.021327252	0.0
4.00408837890625	0.010481308	0.0
3.852613037109375	-0.015082458	0.0
3.701137451171875	-0.023078827	0.0
3.549662109375	-0.007020599	0.0
3.398186767578125	-0.0057551884	0.0
3.24671142578125	-0.0064146877	0.0
3.09523583984375	-0.013622851	0.0
2.943760498046875	0.002210784	0.0
2.79228515625	0.015676519	0.0
2.640809814453125	0.0073765623	0.0
2.489334228515625	0.009464375	0.0
2.33785888671875	0.005714831	0.0
2.186383544921875	0.015473359	0.0
2.0349080810546876	0.006164605	0.0
1.8834326171875	-0.010686137	0.0
1.731957275390625	0.00101937	0.0
1.5804818115234376	-0.002715073	0.0
1.4290064697265625	0.0052705454	0.0
1.277531005859375	0.016178204	0.0
1.1260556640625	-0.006274807	0.0
0.9745802001953126	-0.012811655	0.0
0.8231047973632812	-0.008827123	0.0
