10.7594931640625	0.0122504765	0.0
10.6074541015625	-0.005120534	0.0
10.4554150390625	-0.006249622	0.0
10.303375	0.0042900504	0.0
10.1513359375	0.0063771573	0.0
9.999296875	0.010505384	0.0
9.8472578125	-0.011269063	0.0
9.6952177734375	0.008836816	0.0
9.5431787109375	0.0067326617	0.0
9.3911396484375	-0.008195685	0.0
9.2391005859375	0.0069945552	0.0
9.087060546875	-0.0069811703	0.0
8.935021484375	0.017479947	0.0
8.782982421875	-0.014682228	0.0
8.6309423828125	-0.004684666	0.0
8.4789033203125	-0.0055155437	0.0
8.3268642578125	-0.011455255	0.0
8.17482470703125	0.006862801	0.0
8.02278564453125	0.0030676601	0.0
7.87074609375	0.011702143	0.0
7.71870703125	-5.0986366E-4	0.0
7.56666748046875	0.0023244724	0.0
7.41462841796875	-0.0031873828	0.0
7.2625888671875	-0.0025523086	0.0
7.1105498046875	0.0090918755	0.0
6.95851025390625	-0.009798821	0.0
6.80647119140625	0.01384438	0.0
6.654431640625	-0.005542654	0.0
6.50239208984375	-0.004100288	0.0
6.35035302734375	0.0034120544	0.0
6.1983134765625	-0.0026782332	0.0
6.0462744140625	-0.0017700251	5.2827614126726985E-5
5.89423486328125	0.0025836052	0.002720743417739868
5.74219580078125	0.021794137	0.007543250918388367
5.59015625	8.067342E-4	0.0011269815731793642
5.4381171875	-0.001844046	9.061643140739761E-6
5.28607763671875	0.0054967785	0.0
5.13403857421875	0.007850635	0.0
4.9819990234375	0.019751742	0.0
4.8299599609375	0.0075204144	0.0
4.67792041015625	0.0017438491	0.0
4.52588134765625	-0.0068467422	0.0
4.373841796875	0.008181553	0.0
4.22180224609375	-0.013386871	0.0
4.06976318359375	-0.017487833	0.0
3.917723876953125	0.011043053	0.0
3.7656845703125	0.027366465	0.0
3.613645263671875	0.0065428694	0.0
3.46160595703125	-0.0026751442	0.0
3.309566650390625	0.01100401	0.0
3.15752734375	0.013856734	0.0
3.00548779296875	-0.0020769003	0.0
2.853448486328125	0.00451813	0.0
2.7014091796875	0.013297412	0.0
2.549369873046875	-0.0046213036	0.0
2.39733056640625	0.012921225	0.0
2.245291259765625	-0.0068669077	0.0
2.093251953125	0.004613214	0.0
1.941212646484375	0.01068759	0.0
1.78917333984375	-0.0017618513	0.0
1.637134033203125	-0.016968766	0.0
1.4850947265625	0.013501826	0.0
1.333055419921875	-0.009312215	0.0
1.1810159912109375	-0.010185803	0.0
1.0289766845703125	-0.02020372	0.0
0.8769373779296875	-0.0045337407	0.0
0.7248980712890625	0.021855302	0.0
