10.7522763671875	-0.002225285	0.0
10.6004755859375	-0.01153263	0.0
10.4486748046875	0.013368695	0.0
10.296875	0.014085027	0.0
10.14507421875	-0.0033052128	0.0
9.9932734375	0.015442793	0.0
9.84147265625	0.014037113	0.0
9.689671875	0.0015863992	0.0
9.53787109375	-0.0013811868	0.0
9.3860703125	-0.0024129555	0.0
9.23426953125	-0.018449279	0.0
9.08246875	-0.0016425953	0.0
8.9306689453125	0.002365321	0.0
8.7788681640625	-0.001593116	0.0
8.6270673828125	-4.7021755E-4	0.0
8.4752666015625	-0.007935567	0.0
8.3234658203125	-0.001492206	0.0
8.1716650390625	-0.01332331	0.0
8.01986474609375	-0.008807587	0.0
7.86806396484375	0.015975226	0.0
7.71626318359375	-0.0027623489	0.0
7.56446240234375	-0.0013841633	0.0
7.412662109375	8.577349E-4	0.0
7.260861328125	0.0054474394	0.0
7.109060546875	0.0067570973	0.0
6.957259765625	-5.833626E-4	0.0
6.80545947265625	0.017351555	0.0
6.65365869140625	0.008028898	0.0
6.50185791015625	-0.002988808	0.0
6.35005712890625	0.0068173804	0.0
6.1982568359375	-0.015924139	0.0
6.0464560546875	0.0050243563	5.240251630311832E-5
5.8946552734375	0.017230064	0.002697752555832267
5.7428544921875	-0.011547868	0.0075452206656336784
5.59105419921875	-0.0029936745	0.0011476491345092654
5.43925341796875	0.019681703	9.481224878982175E-6
5.28745263671875	0.0054501193	0.0
5.13565185546875	-0.010991815	0.0
4.9838515625	-0.004523167	0.0
4.83205078125	0.015612534	0.0
4.68025	-0.015138578	0.0
4.52844921875	-0.011379283	0.0
4.37664892578125	0.0024735706	0.0
4.22484814453125	-0.01155325	0.0
4.07304736328125	-0.0029292551	0.0
3.921246826171875	0.0062123467	0.0
3.769446044921875	0.0026511038	0.0
3.617645263671875	-0.004493871	0.0
3.4658447265625	0.0013648792	0.0
3.3140439453125	-0.010875022	0.0
3.162243408203125	-0.028170567	0.0
3.010442626953125	0.008535539	0.0
2.85864208984375	7.6715654E-4	0.0
2.70684130859375	-0.0041045803	0.0
2.555040771484375	0.0101285735	0.0
2.403239990234375	0.01435589	0.0
2.251439453125	0.0056853727	0.0
2.099638671875	0.012203465	0.0
1.947838134765625	0.00735557	0.0
1.7960374755859374	-0.0050514857	0.0
1.64423681640625	-0.007845839	0.0
1.4924361572265625	0.012850614	0.0
1.340635498046875	0.014264308	0.0
1.1888348388671874	-0.015914142	0.0
1.0370341796875	-0.02218042	0.0
0.8852334594726563	-0.020434678	0.0
0.7334328002929688	-0.010339939	0.0
