10.7780712890625	0.0068599936	0.0
10.626349609375	-0.009086206	0.0
10.474626953125	-2.542152E-4	0.0
10.3229052734375	2.4244405E-4	0.0
10.1711826171875	-0.004632979	0.0
10.0194609375	-0.010270826	0.0
9.86773828125	0.006860432	0.0
9.7160166015625	-7.0978387E-4	0.0
9.5642939453125	-0.012802965	0.0
9.412572265625	-0.006551595	0.0
9.260849609375	0.02243567	0.0
9.1091279296875	-9.847794E-4	0.0
8.9574052734375	0.010140005	0.0
8.80568359375	0.005956145	0.0
8.6539619140625	-0.015674269	0.0
8.5022392578125	0.008043361	0.0
8.350517578125	0.016222311	0.0
8.198794921875	0.008393199	0.0
8.04707275390625	-0.011710996	0.0
7.89535107421875	0.007034575	0.0
7.74362890625	5.3628016E-4	0.0
7.59190673828125	-0.0058841184	0.0
7.4401845703125	-0.0020147779	0.0
7.28846240234375	-0.0010128508	0.0
7.136740234375	0.011114936	0.0
6.98501806640625	-0.010596889	0.0
6.8332958984375	-0.005156821	0.0
6.68157373046875	-0.0019031065	0.0
6.5298515625	-0.006463146	0.0
6.37812939453125	-0.0075104567	0.0
6.2264072265625	0.012780644	0.0
6.07468505859375	0.009664259	1.806365980883129E-5
5.922962890625	0.0037706052	0.0015960076125338674
5.7712412109375	0.0133195445	0.0076827784068882465
5.61951904296875	-0.0010009081	0.0020174039527773857
5.467796875	0.009050759	2.8863494662800804E-5
5.31607470703125	0.00915504	0.0
5.1643525390625	0.016019111	0.0
5.01263037109375	-0.0089845965	0.0
4.860908203125	-0.014432621	0.0
4.70918603515625	-0.0043616905	0.0
4.5574638671875	-0.0048338445	0.0
4.40574169921875	-1.455829E-4	0.0
4.25401953125	0.0015433017	0.0
4.10229736328125	0.0085697295	0.0
3.950575439453125	-0.014774396	0.0
3.798853271484375	0.012918347	0.0
3.647131103515625	0.003633405	0.0
3.495408935546875	-0.015011481	0.0
3.34368701171875	0.012364806	0.0
3.19196484375	0.012637272	0.0
3.04024267578125	0.0042398926	0.0
2.8885205078125	0.008441953	0.0
2.73679833984375	-0.0077072782	0.0
2.585076171875	1.687972E-4	0.0
2.43335400390625	4.4057847E-4	0.0
2.281632080078125	-0.00710571	0.0
2.129909912109375	-0.0010469672	0.0
1.978187744140625	0.0070464704	0.0
1.826465576171875	0.02383256	0.0
1.674743408203125	0.01875794	0.0
1.5230213623046875	0.0011203161	0.0
1.3712991943359376	-0.019589871	0.0
1.2195770263671875	0.003970609	0.0
1.06785498046875	0.016943559	0.0
0.9161328125	0.008962267	0.0
0.76441064453125	-0.0017600515	0.0
