10.7863447265625	-0.019585311	0.0
10.6350615234375	-8.918654E-4	0.0
10.4837783203125	8.3877385E-4	0.0
10.33249609375	0.0045050504	0.0
10.181212890625	0.0026350988	0.0
10.0299296875	5.8969215E-4	0.0
9.878646484375	-0.0011496891	0.0
9.72736328125	0.004657206	0.0
9.576080078125	-0.014735472	0.0
9.424796875	-0.026830845	0.0
9.273513671875	0.016189015	0.0
9.12223046875	0.008876044	0.0
8.970947265625	-0.007932963	0.0
8.8196650390625	0.011168724	0.0
8.6683818359375	0.007084254	0.0
8.5170986328125	0.017388172	0.0
8.3658154296875	0.007560555	0.0
8.2145322265625	-0.007086928	0.0
8.0632490234375	-0.012653689	0.0
7.9119658203125	-0.021877833	0.0
7.76068310546875	-0.002836666	0.0
7.60939990234375	-0.010990029	0.0
7.45811669921875	-0.0014619298	0.0
7.30683349609375	-0.012336158	0.0
7.15555029296875	0.0017487898	0.0
7.004267578125	0.004247782	0.0
6.852984375	-0.013560551	0.0
6.701701171875	0.0010636182	0.0
6.55041796875	0.0049813725	0.0
6.39913525390625	0.005274506	0.0
6.24785205078125	-0.0065401564	3.319924508105032E-5
6.09656884765625	0.01222712	0.001645814860239625
5.94528564453125	0.011430658	0.016644302755594254
5.79400244140625	0.019321203	0.03441765531897545
5.6427197265625	0.010684592	0.014683089219033718
5.4914365234375	0.0027762458	0.001279802992939949
5.3401533203125	-0.0030902254	2.2762164007872343E-5
5.1888701171875	-0.0145281525	0.0
5.0375869140625	-0.008973972	0.0
4.88630419921875	0.006660478	0.0
4.73502099609375	-0.010601931	0.0
4.58373779296875	-0.013768426	0.0
4.43245458984375	-0.009506517	0.0
4.281171875	5.0001906E-4	0.0
4.129888671875	-1.6110456E-4	0.0
3.97860546875	0.018077012	0.0
3.827322265625	0.004840523	0.0
3.676039306640625	-0.004820183	0.0
3.524756103515625	0.0014746769	0.0
3.37347314453125	0.007091497	0.0
3.22218994140625	0.0065389154	0.0
3.07090673828125	0.016442759	0.0
2.919623779296875	-0.008779457	0.0
2.768340576171875	-0.0076396894	0.0
2.6170576171875	0.004882468	0.0
2.4657744140625	-0.013443077	0.0
2.314491455078125	-0.01626878	0.0
2.163208251953125	-0.012706715	0.0
2.0119251708984374	-0.02717494	0.0
1.86064208984375	-0.017744668	0.0
1.7093590087890624	-0.009951876	0.0
1.5580758056640625	0.002684565	0.0
1.406792724609375	0.020986373	0.0
1.2555096435546875	-0.006625012	0.0
1.1042265625	-0.0013939944	0.0
0.9529434814453125	8.292356E-5	0.0
0.8016603393554688	-0.0038491532	0.0
