10.771693359375	0.0020407885	0.0
10.637759765625	-0.0043222685	0.0
10.503826171875	0.0062270784	0.0
10.369892578125	1.8851996E-4	0.0
10.235958984375	-1.5817915E-5	0.0
10.102025390625	-0.0064164307	0.0
9.968091796875	-0.012743412	0.0
9.834158203125	0.01634481	0.0
9.7002255859375	0.017686188	0.0
9.5662919921875	0.003178106	0.0
9.4323583984375	-0.003849581	0.0
9.2984248046875	-0.007745691	0.0
9.1644912109375	0.009442185	0.0
9.0305576171875	0.00457221	0.0
8.8966240234375	-0.0116874045	0.0
8.7626904296875	0.003635623	0.0
8.6287568359375	0.0017287779	0.0
8.4948232421875	0.007991377	0.0
8.3608896484375	-9.017137E-4	0.0
8.2269560546875	0.0055241524	0.0
8.09302294921875	-0.0036811342	0.0
7.95908935546875	-0.011100014	0.0
7.82515576171875	-0.02600937	0.0
7.69122265625	-0.0075573563	0.0
7.5572890625	0.001159703	0.0
7.42335546875	0.005145263	0.0
7.289421875	0.0040837973	0.0
7.15548828125	0.011122122	0.0
7.0215546875	-0.009971485	0.0
6.88762158203125	0.00686516	0.0
6.75368798828125	0.016130388	0.0
6.61975439453125	0.0065105986	0.0
6.48582080078125	0.031368036	0.0
6.35188720703125	0.013656596	1.0929023801509175E-6
6.2179541015625	-0.013235248	4.7612957132514566E-5
6.0840205078125	-0.0052243522	6.276647909544408E-4
5.9500869140625	0.006331236	0.0025033592246472836
5.8161533203125	-0.01754771	0.0030224830843508244
5.6822197265625	-0.012070364	0.0011049803579226136
5.5482861328125	0.00872668	1.2222735676914454E-4
5.41435302734375	0.0024653748	4.090834408998489E-6
5.28041943359375	0.01507771	0.0
5.14648583984375	-0.014385422	0.0
5.01255224609375	4.8841286E-4	0.0
4.87861865234375	0.0087410165	0.0
4.74468505859375	-0.005252843	0.0
4.610751953125	-0.018536747	0.0
4.476818359375	0.006910394	0.0
4.342884765625	0.019868968	0.0
4.208951171875	-0.019091576	0.0
4.075017578125	-0.0043837824	0.0
3.941084228515625	0.02695271	0.0
3.807150634765625	0.015178815	0.0
3.673217041015625	0.009835598	0.0
3.53928369140625	0.0026603697	0.0
3.40535009765625	-0.012438431	0.0
3.271416748046875	-0.014912502	0.0
3.137483154296875	0.011557901	0.0
3.003549560546875	-0.0072459	0.0
2.8696162109375	0.010403933	0.0
2.7356826171875	0.0060528964	0.0
2.6017490234375	-0.027861454	0.0
2.467815673828125	-0.017568246	0.0
2.333882080078125	0.0029067963	0.0
2.199948486328125	0.00715534	0.0
2.06601513671875	-0.00504166	0.0
1.93208154296875	0.0050955885	0.0
1.7981480712890625	0.010625939	0.0
1.6642144775390626	-0.002782843	0.0
1.530281005859375	-0.010174805	0.0
1.3963475341796876	0.008080642	0.0
1.2624139404296875	0.010144834	0.0
1.12848046875	0.022291144	0.0
0.9945469360351562	0.015100836	0.0
0.8606134643554687	4.865628E-5	0.0
