#xValues(km/s)	yValues(K)	simulate(Show Plot)	simulate(All Species)
10.8114541015625	-0.0064704525	0.0	0.0
10.678845703125	-0.0061931303	0.0	0.0
10.5462373046875	0.006742687	0.0	0.0
10.4136298828125	0.0072224974	0.0	0.0
10.281021484375	0.0015983495	0.0	0.0
10.1484130859375	-0.005460603	0.0	0.0
10.0158046875	-0.0100796195	0.0	0.0
9.883197265625	-0.0367428	0.0	0.0
9.7505888671875	-0.008276378	0.0	0.0
9.61798046875	0.012138447	0.0	0.0
9.4853720703125	0.006867658	0.0	0.0
9.352763671875	-0.005032502	0.0	0.0
9.22015625	-0.0148377605	0.0	0.0
9.0875478515625	-0.008676451	0.0	0.0
8.954939453125	-0.007728115	0.0	0.0
8.8223310546875	0.0033936366	0.0	0.0
8.6897236328125	0.007251635	0.0	0.0
8.557115234375	-0.0115926815	0.0	0.0
8.4245068359375	-0.0065427893	0.0	0.0
8.2918984375	0.007108164	0.0	0.0
8.15929052734375	-0.009304171	0.0	0.0
8.02668212890625	0.0062491866	0.0	0.0
7.89407421875	-0.012584123	0.0	0.0
7.7614658203125	-0.0042507644	0.0	0.0
7.62885791015625	-0.013470759	0.0	0.0
7.49624951171875	-0.011112778	0.0	0.0
7.3636416015625	-0.017176775	0.0	0.0
7.231033203125	0.012334182	0.0	0.0
7.09842529296875	0.0022714897	0.0	0.0
6.96581689453125	0.013095477	0.0	0.0
6.833208984375	0.025122829	0.0	0.0
6.7006005859375	0.0069113187	0.0	0.0
6.56799267578125	-0.0052069617	0.0	0.0
6.43538427734375	0.0037563385	0.0	0.0
6.30277587890625	-0.008375447	0.0	0.0
6.17016796875	-0.012412716	2.3681042875978164E-5	0.0
6.0375595703125	-0.0077964743	3.869034117087722E-4	0.0
5.90495166015625	0.016289955	0.0018673597369343042	0.0
5.77234326171875	0.014364424	0.0026635276153683662	0.0
5.6397353515625	0.013783139	0.0011231813114136457	0.0
5.507126953125	-0.004197575	1.3993489847052842E-4	0.0
5.37451904296875	-0.0016258227	5.150519427843392E-6	0.0
5.24191064453125	-0.00941092	0.0	0.0
5.109302734375	-0.015052736	0.0	0.0
4.9766943359375	0.012204308	0.0	0.0
4.84408642578125	-0.0031792158	0.0	0.0
4.71147802734375	0.007289099	0.0	0.0
4.57886962890625	-0.014189225	0.0	0.0
4.44626171875	-0.0012393476	0.0	0.0
4.3136533203125	-0.0029831107	0.0	0.0
4.18104541015625	-0.0043018255	0.0	0.0
4.048437255859375	0.006250204	0.0	0.0
3.9158291015625	0.016317984	0.0	0.0
3.783220703125	-0.0031404574	0.0	0.0
3.650612548828125	0.0017098149	0.0	0.0
3.51800439453125	-5.2236125E-4	0.0	0.0
3.385396240234375	0.0020434712	0.0	0.0
3.2527880859375	0.005000034	0.0	0.0
3.120179931640625	-0.0017479259	0.0	0.0
2.98757177734375	-0.013926334	0.0	0.0
2.854963623046875	-0.003839961	0.0	0.0
2.72235546875	-0.011130169	0.0	0.0
2.589747314453125	6.128286E-4	0.0	0.0
2.45713916015625	-0.011672326	0.0	0.0
2.324531005859375	-0.021189347	0.0	0.0
2.191922607421875	-0.009189931	0.0	0.0
2.059314453125	-0.00972071	0.0	0.0
1.9267064208984375	-0.0020391236	0.0	0.0
1.79409814453125	0.007888515	0.0	0.0
1.661489990234375	-0.0067625847	0.0	0.0
1.5288818359375	0.00915417	0.0	0.0
1.396273681640625	-0.0017777209	0.0	0.0
1.26366552734375	-9.2514453E-4	0.0	0.0
1.131057373046875	-0.001863924	0.0	0.0
0.9984491577148438	0.0052715656	0.0	0.0
0.8658410034179688	0.010639408	0.0	0.0
