#xValues(km/s)	yValues(K)	simulate(Show Plot)	simulate(All Species)
10.7740830078125	-0.016466897	0.0	0.0
10.6746240234375	0.004666531	0.0	0.0
10.575166015625	0.045096397	0.0	0.0
10.4757080078125	0.058806356	0.0	0.0
10.37625	0.013674558	0.0	0.0
10.276791015625	0.003198736	0.0	0.0
10.1773330078125	-0.014434818	0.0	0.0
10.077875	-0.020067312	0.0	0.0
9.9784169921875	-0.009947617	0.0	0.0
9.8789580078125	-0.031128995	0.0	0.0
9.7795	-0.009487644	0.0	0.0
9.6800419921875	-0.058520492	0.0	0.0
9.580583984375	-7.604345E-4	0.0	0.0
9.4811259765625	-0.07841814	0.0	0.0
9.3816669921875	-0.03323561	0.0	0.0
9.282208984375	0.0039466997	0.0	0.0
9.1827509765625	0.05161123	0.0	0.0
9.08329296875	0.03571471	0.0	0.0
8.983833984375	0.013282517	0.0	0.0
8.8843759765625	-0.086283125	0.0	0.0
8.78491796875	-0.016019298	0.0	0.0
8.6854599609375	0.088110544	0.0	0.0
8.5860009765625	0.073224545	0.0	0.0
8.48654296875	0.029574117	0.0	0.0
8.3870849609375	-0.014451737	0.0	0.0
8.287626953125	0.015817551	0.0	0.0
8.18816845703125	0.010769043	0.0	0.0
8.0887099609375	-0.048500802	0.0	0.0
7.989251953125	-0.0058268565	0.0	0.0
7.88979345703125	0.040353738	0.0	0.0
7.79033544921875	0.04936671	0.0	0.0
7.690876953125	0.012857434	0.0	0.0
7.5914189453125	0.0031606855	0.0	0.0
7.49196044921875	-0.0073063876	0.0	0.0
7.39250244140625	7.000426E-4	0.0	0.0
7.2930439453125	-0.07220001	0.0	0.0
7.1935859375	-0.063164204	0.0	0.0
7.09412744140625	-0.032684088	0.0	0.0
6.99466943359375	-0.031568512	0.0	0.0
6.8952109375	0.0029517834	0.0	0.0
6.7957529296875	0.065294944	0.0	0.0
6.69629443359375	0.028629353	0.0	0.0
6.59683642578125	-0.011058735	0.0	0.0
6.4973779296875	-0.02116741	0.0	0.0
6.397919921875	0.05214346	0.0	0.0
6.29846142578125	0.06511724	2.276558461744571E-6	2.276558461744571E-6
6.19900341796875	-0.025870541	3.762190681300126E-5	3.762190681300126E-5
6.099544921875	0.004236479	3.0883942963555455E-4	3.0883942963555455E-4
6.0000869140625	-0.010880894	0.0012592865386977792	0.0012592865386977792
5.90062841796875	0.02914767	0.002550581470131874	0.002550581470131874
5.80117041015625	0.021679122	0.002566765993833542	0.002566765993833542
5.7017119140625	0.06255333	0.0012834158260375261	0.0012834158260375261
5.60225390625	0.044959314	3.187666297890246E-4	3.187666297890246E-4
5.50279541015625	0.03828785	3.932581967092119E-5	3.932581967092119E-5
5.40333740234375	-0.03345438	2.4099731490423437E-6	2.4099731490423437E-6
5.30387890625	-0.004791047	0.0	0.0
5.2044208984375	0.01880717	0.0	0.0
5.10496240234375	-0.018330185	0.0	0.0
5.00550439453125	0.07665298	0.0	0.0
4.9060458984375	0.021296488	0.0	0.0
4.806587890625	-6.5892725E-4	0.0	0.0
4.70712939453125	-0.034979697	0.0	0.0
4.60767138671875	-0.011659319	0.0	0.0
4.508212890625	-0.0022675758	0.0	0.0
4.4087548828125	-0.026441293	0.0	0.0
4.30929638671875	-0.04416282	0.0	0.0
4.20983837890625	-0.02910088	0.0	0.0
4.1103798828125	5.9086905E-4	0.0	0.0
4.010921875	0.0092666475	0.0	0.0
3.911463623046875	-0.024524158	0.0	0.0
3.81200537109375	-0.009902471	0.0	0.0
3.712547119140625	-0.032936987	0.0	0.0
3.6130888671875	0.03214173	0.0	0.0
3.513630615234375	0.02576301	0.0	0.0
3.41417236328125	0.029874232	0.0	0.0
3.314714111328125	-0.01785803	0.0	0.0
3.215255859375	-5.355718E-4	0.0	0.0
3.115797607421875	-0.039601278	0.0	0.0
3.01633935546875	0.06744975	0.0	0.0
2.916881103515625	0.00821948	0.0	0.0
2.8174228515625	-0.03545369	0.0	0.0
2.717964599609375	-0.04330117	0.0	0.0
2.61850634765625	0.03261509	0.0	0.0
2.519048095703125	0.007246846	0.0	0.0
2.41958984375	0.06173721	0.0	0.0
2.320131591796875	0.0281837	0.0	0.0
2.22067333984375	-0.017686628	0.0	0.0
2.121215087890625	0.054686222	0.0	0.0
2.0217568359375	-0.006378234	0.0	0.0
1.922298583984375	-0.02925256	0.0	0.0
1.82284033203125	0.03601058	0.0	0.0
1.723382080078125	0.08632846	0.0	0.0
1.623923828125	-0.023519913	0.0	0.0
1.524465576171875	-0.032383334	0.0	0.0
1.42500732421875	-0.028848754	0.0	0.0
1.325549072265625	0.0033195782	0.0	0.0
1.2260908203125	0.0039068703	0.0	0.0
1.126632568359375	-0.006312883	0.0	0.0
1.02717431640625	-0.04825115	0.0	0.0
0.927716064453125	-0.0050528394	0.0	0.0
0.8282578125	-0.019382574	0.0	0.0
