#xValues(km/s)	yValues(K)	simulate(Show Plot)	simulate(All Species)
10.8478388671875	0.0025987604	0.0	0.0
10.71522265625	-0.006692753	0.0	0.0
10.582607421875	-0.006713438	0.0	0.0
10.4499912109375	0.0067230673	0.0	0.0
10.3173759765625	0.0110796355	0.0	0.0
10.184759765625	0.0024071906	0.0	0.0
10.0521435546875	-0.002223851	0.0	0.0
9.9195283203125	0.0044263336	0.0	0.0
9.786912109375	0.005267366	0.0	0.0
9.654296875	-0.0017768792	0.0	0.0
9.5216806640625	-0.020498538	0.0	0.0
9.389064453125	-0.00123648	0.0	0.0
9.25644921875	6.8969815E-4	0.0	0.0
9.1238330078125	0.0024477069	0.0	0.0
8.9912177734375	0.0040136804	0.0	0.0
8.8586015625	0.009930413	0.0	0.0
8.7259853515625	0.0033385977	0.0	0.0
8.5933701171875	-0.0011207594	0.0	0.0
8.46075390625	-0.016604556	0.0	0.0
8.328138671875	-0.0054689283	0.0	0.0
8.1955224609375	7.9117325E-4	0.0	0.0
8.06290673828125	-9.059688E-4	0.0	0.0
7.930291015625	-0.013353003	0.0	0.0
7.7976748046875	-0.018114474	0.0	0.0
7.66505908203125	0.0035206426	0.0	0.0
7.532443359375	-0.008794484	0.0	0.0
7.39982763671875	0.00822439	0.0	0.0
7.2672119140625	0.021411167	0.0	0.0
7.134595703125	0.001103554	0.0	0.0
7.00197998046875	-0.00866683	0.0	0.0
6.8693642578125	-0.013383252	0.0	0.0
6.73674853515625	0.010521041	0.0	0.0
6.6041328125	0.0021335685	0.0	0.0
6.47151708984375	0.0038851947	0.0	0.0
6.33890087890625	-0.0050043813	8.385171668123803E-8	8.385171668123803E-8
6.20628515625	0.0018209103	4.4156290641694795E-6	4.4156290641694795E-6
6.07366943359375	-0.0036366405	6.702545215375721E-5	6.702545215375721E-5
5.9410537109375	-0.0074213776	2.9326180811040103E-4	2.9326180811040103E-4
5.80843798828125	-0.009346446	3.698748187161982E-4	3.698748187161982E-4
5.67582177734375	-0.007566421	1.344770862488076E-4	1.344770862488076E-4
5.5432060546875	-0.006778856	1.4093295249040239E-5	1.4093295249040239E-5
5.41059033203125	0.0018722491	4.257372552274319E-7	4.257372552274319E-7
5.277974609375	0.0074507003	0.0	0.0
5.14535888671875	0.009629596	0.0	0.0
5.01274267578125	0.0030193718	0.0	0.0
4.880126953125	-0.017945008	0.0	0.0
4.74751123046875	-0.010724546	0.0	0.0
4.6148955078125	-0.0016261003	0.0	0.0
4.48227978515625	0.0010104041	0.0	0.0
4.34966357421875	0.0034365577	0.0	0.0
4.2170478515625	-0.0093974145	0.0	0.0
4.08443212890625	0.004577853	0.0	0.0
3.95181640625	-0.0032757884	0.0	0.0
3.819200439453125	-0.01239588	0.0	0.0
3.686584716796875	-0.01694108	0.0	0.0
3.553968994140625	-0.0027308566	0.0	0.0
3.42135302734375	0.012386075	0.0	0.0
3.2887373046875	-0.008925189	0.0	0.0
3.15612158203125	0.0027773855	0.0	0.0
3.023505615234375	-0.016577361	0.0	0.0
2.890889892578125	-7.1004865E-4	0.0	0.0
2.75827392578125	0.017326908	0.0	0.0
2.625658203125	0.00542277	0.0	0.0
2.49304248046875	-7.140263E-4	0.0	0.0
2.360426513671875	0.007401582	0.0	0.0
2.227810791015625	-0.0100257825	0.0	0.0
2.095195068359375	-0.011010287	0.0	0.0
1.9625791015625	3.6260954E-4	0.0	0.0
1.82996337890625	0.016850334	0.0	0.0
1.6973475341796875	-0.0012113192	0.0	0.0
1.564731689453125	0.0016414557	0.0	0.0
1.4321158447265625	0.0057677114	0.0	0.0
1.2995	-0.004159742	0.0	0.0
1.16688427734375	-0.0049928185	0.0	0.0
1.0342684326171876	-0.0031411974	0.0	0.0
0.901652587890625	-0.0028685003	0.0	0.0
0.7690368041992187	0.0069631203	0.0	0.0
