10.742505859375	0.006508217	0.0
10.5614033203125	-0.015850678	0.0
10.3803017578125	-0.007301735	0.0
10.1992001953125	-0.009391292	0.0
10.01809765625	0.0125877075	0.0
9.83699609375	0.0014683387	0.0
9.6558935546875	-1.5760084E-4	0.0
9.4747919921875	-0.005913097	0.0
9.2936904296875	0.0064435196	0.0
9.112587890625	-0.0144037865	0.0
8.931486328125	-0.0010518422	0.0
8.750384765625	-7.7795587E-4	0.0
8.5692822265625	-1.8577372E-5	0.0
8.3881806640625	0.0067548305	0.0
8.2070791015625	-0.034889765	0.0
8.02597705078125	-0.006664423	0.0
7.844875	-0.018456014	0.0
7.66377294921875	-0.0047548846	0.0
7.48267138671875	0.010842122	0.0
7.3015693359375	-0.0079832785	0.0
7.12046728515625	0.009990512	2.9775948817700737E-8
6.93936572265625	0.009844908	2.8036990329383116E-7
6.758263671875	0.010175029	1.815099722080049E-6
6.57716162109375	0.0015497691	8.079328836174682E-6
6.39606005859375	5.676159E-4	2.472609958203975E-5
6.2149580078125	-0.0081463745	5.202851025387645E-5
6.03385595703125	-0.00794699	7.527197885792702E-5
5.85275439453125	-0.020704111	7.48740421840921E-5
5.67165234375	-0.01592101	5.1207760407123715E-5
5.49055029296875	0.00900283	2.407943429716397E-5
5.30944873046875	-0.006331164	7.785064553900156E-6
5.1283466796875	0.022694744	1.730540702737926E-6
4.94724462890625	0.009788725	2.644895573666872E-7
4.76614306640625	0.010317185	2.7793358725602957E-8
4.585041015625	0.002071975	0.0
4.40393896484375	0.0015845667	0.0
4.22283740234375	0.003876652	0.0
4.0417353515625	-0.0075187655	0.0
3.86063330078125	-0.010239183	0.0
3.679531494140625	0.003519362	0.0
3.4984296875	-0.014262389	0.0
3.31732763671875	0.0021002057	0.0
3.136225830078125	-0.033606958	0.0
2.9551240234375	-0.0015976274	0.0
2.77402197265625	-0.0025263317	0.0
2.592920166015625	-0.021537798	0.0
2.411818359375	-0.020861944	0.0
2.23071630859375	-3.5515256E-4	0.0
2.049614501953125	0.010123409	0.0
1.8685125732421874	-7.200736E-4	0.0
1.68741064453125	-0.021566452	0.0
1.5063087158203126	-0.011703254	0.0
1.3252069091796874	0.012503061	0.0
1.14410498046875	5.551403E-4	0.0
0.9630030517578125	0.0012897768	0.0
0.7819011840820312	0.0053521283	0.0
