10.735130859375	-0.0020113797	0.0
10.5540283203125	0.0066628377	0.0
10.3729267578125	-0.0017134573	0.0
10.1918251953125	-0.010293078	0.0
10.01072265625	0.007860234	0.0
9.82962109375	-0.011877839	0.0
9.64851953125	-0.021199077	0.0
9.4674169921875	-0.014423647	0.0
9.2863154296875	0.0045039156	0.0
9.1052138671875	0.008654508	0.0
8.924111328125	2.410898E-4	0.0
8.743009765625	-0.00446686	0.0
8.561908203125	0.012902107	0.0
8.380806640625	0.0050866846	0.0
8.1997041015625	-0.002490782	0.0
8.0186025390625	-0.0052099084	0.0
7.83750048828125	-0.01849209	0.0
7.65639892578125	0.0024629012	0.0
7.475296875	0.015475756	0.0
7.29419482421875	-9.781504E-4	0.0
7.11309326171875	0.0017893099	0.0
6.9319912109375	0.013411567	0.0
6.75088916015625	0.008993671	2.316678937575034E-8
6.56978759765625	-0.009314839	3.5620527683022374E-7
6.388685546875	-0.0049043237	2.8703097996185534E-6
6.207583984375	-0.0032320707	1.2121355212002527E-5
6.02648193359375	-0.015240286	2.6826715838979E-5
5.8453798828125	-0.009435673	3.1115603633224964E-5
5.6642783203125	0.0025936174	1.8913995518232696E-5
5.48317626953125	-0.0016128317	6.025352377037052E-6
5.30207421875	0.030155137	1.0059482065116754E-6
5.12097265625	0.008005925	8.801619344467326E-8
4.93987060546875	-0.0034239395	0.0
4.75876904296875	-0.015647082	0.0
4.5776669921875	-0.01580415	0.0
4.39656494140625	0.003767248	0.0
4.21546337890625	0.006335292	0.0
4.034361328125	0.0034879758	0.0
3.853259521484375	0.004805759	0.0
3.67215771484375	-0.012966103	0.0
3.4910556640625	-0.007999936	0.0
3.309953857421875	-0.00522066	0.0
3.12885205078125	0.0016003164	0.0
2.947750244140625	-1.9529166E-4	0.0
2.766648193359375	0.012493097	0.0
2.58554638671875	0.0030890112	0.0
2.404444580078125	-0.0031658555	0.0
2.2233427734375	-0.007621866	0.0
2.0422408447265625	0.0016123763	0.0
1.861138916015625	-0.004059521	0.0
1.680037109375	-0.0048335227	0.0
1.4989351806640625	-0.0023205243	0.0
1.3178333740234376	0.0039261812	0.0
1.1367314453125	0.013109921	0.0
0.955629638671875	-0.012734374	0.0
0.7745277709960937	-0.013168605	0.0
