10.7804677734375	0.07603813	0.0
10.682248046875	0.008617053	0.0
10.58402734375	-0.06426986	0.0
10.4858076171875	0.025667246	0.0
10.3875869140625	0.049181614	0.0
10.2893662109375	0.013590151	0.0
10.191146484375	-0.066628575	0.0
10.09292578125	-0.013313308	0.0
9.9947060546875	-0.07452681	0.0
9.8964853515625	-0.071261525	0.0
9.7982646484375	0.024428219	0.0
9.700044921875	0.04752685	0.0
9.60182421875	0.0015623805	0.0
9.5036044921875	0.03753477	0.0
9.4053837890625	0.024045352	0.0
9.3071630859375	0.008000842	0.0
9.208943359375	0.010489106	0.0
9.11072265625	-0.054712515	0.0
9.0125029296875	-0.049732264	0.0
8.9142822265625	-0.065006904	0.0
8.8160615234375	-0.0065694847	0.0
8.717841796875	0.011434492	0.0
8.61962109375	-0.022314122	0.0
8.5214013671875	0.020185802	0.0
8.4231806640625	-0.07012514	0.0
8.3249599609375	-0.060233817	0.0
8.226740234375	-0.026399357	0.0
8.12851953125	0.045388274	0.0
8.03029931640625	-0.058173317	0.0
7.9320791015625	-0.05091863	0.0
7.83385888671875	-0.020184627	0.0
7.735638671875	0.05798906	0.0
7.63741845703125	0.050173953	0.0
7.53919775390625	0.025595874	0.0
7.4409775390625	-0.022938661	0.0
7.34275732421875	-0.006408866	0.0
7.244537109375	-0.017611299	0.0
7.14631689453125	-0.03489313	0.0
7.04809619140625	0.03492204	0.0
6.9498759765625	0.023277538	0.0
6.85165576171875	0.02973021	0.0
6.753435546875	0.02850455	0.0
6.65521533203125	0.013983907	0.0
6.55699462890625	0.00948404	0.0
6.4587744140625	0.019640543	0.0
6.36055419921875	0.09820918	1.9290558839202276E-7
6.262333984375	0.049532067	2.7067583232565084E-6
6.16411376953125	-0.0105209565	2.2146208721096627E-5
6.06589306640625	-0.018578343	1.0565546108409762E-4
5.9676728515625	-0.0121522285	2.9391658608801663E-4
5.86945263671875	-0.02646874	4.767640493810177E-4
5.771232421875	-0.009144674	4.509667633101344E-4
5.67301220703125	-0.014777788	2.4873949587345123E-4
5.5747919921875	-0.023143968	7.999992521945387E-5
5.4765712890625	-0.02713993	1.5002866348368116E-5
5.37835107421875	-0.021811686	1.640596792640281E-6
5.280130859375	-0.0012466311	1.0461064192668346E-7
5.18191064453125	0.02053193	0.0
5.0836904296875	0.023299882	0.0
4.9854697265625	0.018936133	0.0
4.88724951171875	0.031921346	0.0
4.789029296875	-0.023221973	0.0
4.69080908203125	-0.076809086	0.0
4.5925888671875	-0.021902727	0.0
4.4943681640625	-0.020266356	0.0
4.39614794921875	0.016437383	0.0
4.297927734375	-0.0045398506	0.0
4.19970751953125	0.050439585	0.0
4.1014873046875	0.0367107	0.0
4.003266845703125	0.05086481	0.0
3.905046630859375	0.011826484	0.0
3.806826171875	-0.061546795	0.0
3.70860595703125	-3.860137E-4	0.0
3.610385498046875	0.010606999	0.0
3.512165283203125	-0.019791752	0.0
3.413945068359375	0.071281515	0.0
3.315724609375	0.052158497	0.0
3.21750439453125	-0.019113705	0.0
3.1192841796875	-0.048952103	0.0
3.021063720703125	0.028700022	0.0
2.922843505859375	0.01739249	0.0
2.824623046875	-0.013589565	0.0
2.72640283203125	-0.017907646	0.0
2.6281826171875	-0.010136412	0.0
2.529962158203125	2.1177344E-4	0.0
2.431741943359375	0.034380738	0.0
2.333521728515625	0.012787157	0.0
2.23530126953125	-0.04897631	0.0
2.1370810546875	-0.02225346	0.0
2.0388607177734377	7.576217E-4	0.0
1.940640380859375	0.016319001	0.0
1.8424200439453124	-0.08043216	0.0
1.7441998291015626	-3.075174E-4	0.0
1.6459794921875	-0.015237398	0.0
1.5477591552734375	0.03424028	0.0
1.449538818359375	0.0256582	0.0
1.351318603515625	-0.010424722	0.0
1.2530982666015624	0.0057446365	0.0
1.1548779296875	0.02869487	0.0
1.0566575927734374	0.035620697	0.0
0.9584373168945313	0.11573943	0.0
0.8602169799804688	0.021019472	0.0
0.7619967041015625	0.029160058	0.0
