10.8477177734375	9.065238E-4	0.0
10.7151015625	-0.002078437	0.0
10.582486328125	0.0048438897	0.0
10.4498701171875	-0.024688343	0.0
10.31725390625	-0.010465355	0.0
10.184638671875	0.012568212	0.0
10.0520224609375	-0.0046726675	0.0
9.9194072265625	0.020397896	0.0
9.786791015625	-0.010617615	0.0
9.6541748046875	0.011818388	0.0
9.5215595703125	0.011997935	0.0
9.388943359375	0.00770721	0.0
9.2563271484375	0.0012821762	0.0
9.1237119140625	0.013813295	0.0
8.991095703125	-0.00427093	0.0
8.85848046875	-0.0016525559	0.0
8.7258642578125	-0.007337755	0.0
8.593248046875	-0.0014546933	0.0
8.4606328125	-0.003234995	0.0
8.3280166015625	0.008222263	0.0
8.195400390625	-1.19790646E-4	0.0
8.06278515625	0.002705881	0.0
7.9301689453125	-0.022210851	0.0
7.79755322265625	-0.017987283	0.0
7.6649375	-0.010206255	0.0
7.53232177734375	0.002594693	0.0
7.39970556640625	0.0140804425	0.0
7.26708984375	0.0050719082	0.0
7.13447412109375	0.0076360754	0.0
7.0018583984375	0.0017699414	0.0
6.8692421875	6.4807205E-4	0.0
6.73662646484375	-0.017333938	0.0
6.6040107421875	0.02036589	0.0
6.47139501953125	-0.0038297856	0.0
6.33877880859375	5.783252E-4	0.0
6.2061630859375	0.01285534	1.484359017922543E-7
6.07354736328125	-0.00734571	3.3772091683204053E-6
5.940931640625	-0.0040606717	2.2701171474182047E-5
5.8083154296875	0.0075497706	4.508281926973723E-5
5.67569970703125	-0.022644317	2.645164931891486E-5
5.543083984375	-0.012736012	4.585338047036203E-6
5.41046826171875	-0.013321923	2.348332373003359E-7
5.27785205078125	5.8147026E-4	0.0
5.145236328125	0.004636499	0.0
5.01262060546875	0.0114431055	0.0
4.8800048828125	-0.005507132	0.0
4.747388671875	0.023222828	0.0
4.61477294921875	0.0113364495	0.0
4.4821572265625	0.018794736	0.0
4.34954150390625	0.0058015673	0.0
4.21692578125	0.008407546	0.0
4.084309814453125	0.0036488508	0.0
3.95169384765625	0.0068634027	0.0
3.819078125	-0.0035373855	0.0
3.686462158203125	-0.012134284	0.0
3.553846435546875	0.0073272097	0.0
3.42123046875	0.010152696	0.0
3.28861474609375	-0.0072964993	0.0
3.155998779296875	0.0022789824	0.0
3.023383056640625	-0.018471533	0.0
2.89076708984375	-0.007148773	0.0
2.7581513671875	0.008258339	0.0
2.625535400390625	-0.008213938	0.0
2.492919677734375	0.0032990065	0.0
2.3603037109375	0.0026983882	0.0
2.22768798828125	0.005253676	0.0
2.095072021484375	-0.01113905	0.0
1.9624561767578126	-0.006307093	0.0
1.82984033203125	-0.0040606717	0.0
1.6972244873046876	-0.0053811437	0.0
1.564608642578125	0.010819362	0.0
1.4319927978515625	-0.013113321	0.0
1.299376953125	0.0015833641	0.0
1.1667611083984375	-0.0018779844	0.0
1.034145263671875	0.022869932	0.0
0.9015294799804687	0.005265701	0.0
0.7689136352539062	-0.0030327847	0.0
