#xValues(km/s)	yValues(K)	simulate(Show Plot)	simulate(All Species)
10.7872880859375	7.001592E-4	0.0	0.0
10.641025390625	0.0046647997	0.0	0.0
10.4947626953125	0.0070651015	0.0	0.0
10.3485	0.004361897	0.0	0.0
10.2022373046875	0.002251697	0.0	0.0
10.055974609375	0.0058558295	0.0	0.0
9.9097119140625	0.009084913	0.0	0.0
9.76344921875	0.0055977367	0.0	0.0
9.6171865234375	0.0011225581	0.0	0.0
9.470923828125	-6.684443E-4	0.0	0.0
9.3246611328125	-0.0025579769	0.0	0.0
9.1783974609375	-0.0030556694	0.0	0.0
9.032134765625	0.0015597455	0.0	0.0
8.8858720703125	0.0030976678	0.0	0.0
8.739609375	-0.0027862573	0.0	0.0
8.5933466796875	-0.0074462285	0.0	0.0
8.447083984375	-0.0056365076	0.0	0.0
8.3008212890625	-0.0013172355	0.0	0.0
8.15455859375	3.0664416E-4	0.0	0.0
8.0082958984375	0.0010820987	0.0	0.0
7.862033203125	0.001611308	0.0	0.0
7.7157705078125	0.0041985535	0.0	0.0
7.5695078125	0.0026041067	0.0	0.0
7.4232451171875	-0.0020688039	0.0	0.0
7.27698193359375	0.00224574	0.0	0.0
7.13071923828125	3.3385347E-4	0.0	0.0
6.98445654296875	7.464317E-4	0.0	0.0
6.83819384765625	0.0050819153	0.0	0.0
6.69193115234375	0.0056854472	0.0	0.0
6.54566845703125	8.2118623E-4	0.0	0.0
6.39940576171875	7.902381E-4	2.1073165407869965E-4	2.1073165407869965E-4
6.25314306640625	0.0028435527	0.005111929029226303	0.005111929029226303
6.1068798828125	0.017022885	0.04889092594385147	0.04889092594385147
5.9606171875	0.19320455	0.18213704228401184	0.18213704228401184
5.8143544921875	0.30588612	0.27223390340805054	0.27223390340805054
5.668091796875	0.120881446	0.16938956081867218	0.16938956081867218
5.5218291015625	0.023317643	0.042100053280591965	0.042100053280591965
5.37556640625	0.0038018867	0.004076432436704636	0.004076432436704636
5.2293037109375	-0.001434849	1.557872019475326E-4	1.557872019475326E-4
5.083041015625	-1.8018311E-4	0.0	0.0
4.9367783203125	6.9104077E-4	0.0	0.0
4.79051513671875	2.235533E-4	0.0	0.0
4.64425244140625	-0.002273361	0.0	0.0
4.49798974609375	-0.0013524671	0.0	0.0
4.35172705078125	-1.5600304E-4	0.0	0.0
4.20546435546875	-0.001961592	0.0	0.0
4.05920166015625	-0.0033286836	0.0	0.0
3.912938720703125	-0.0043490957	0.0	0.0
3.766676025390625	-0.002899117	0.0	0.0
3.620413330078125	-0.0028643243	0.0	0.0
3.474150634765625	0.0015163627	0.0	0.0
3.3278876953125	4.0443696E-4	0.0	0.0
3.181625	7.922523E-5	0.0	0.0
3.0353623046875	-5.53202E-4	0.0	0.0
2.889099609375	0.002234067	0.0	0.0
2.7428369140625	0.0042921053	0.0	0.0
2.596573974609375	0.005014104	0.0	0.0
2.450311279296875	0.0040234467	0.0	0.0
2.304048583984375	7.368682E-4	0.0	0.0
2.157785888671875	-0.0012217144	0.0	0.0
2.0115230712890626	0.002252221	0.0	0.0
1.86526025390625	-0.0022267248	0.0	0.0
1.71899755859375	-9.79155E-4	0.0	0.0
1.5727347412109376	-3.6892857E-4	0.0	0.0
1.4264720458984375	0.0014091864	0.0	0.0
1.280209228515625	0.003721664	0.0	0.0
1.133946533203125	-0.0015502344	0.0	0.0
0.9876837768554687	-0.0031837942	0.0	0.0
0.8414210205078125	-9.762948E-4	0.0	0.0
