10.8115791015625	-0.010078735	0.0
10.678970703125	-0.0067410255	0.0
10.5463623046875	-0.004071896	0.0
10.41375390625	-5.2321685E-4	0.0
10.281146484375	0.004748668	0.0
10.1485380859375	-3.0605355E-4	0.0
10.0159296875	-4.774328E-4	0.0
9.8833212890625	-0.0016522415	0.0
9.7507138671875	9.98943E-4	0.0
9.61810546875	-0.003428695	0.0
9.4854970703125	-0.008967028	0.0
9.352888671875	0.0059734182	0.0
9.22028125	-0.009253545	0.0
9.0876728515625	0.0077618235	0.0
8.955064453125	0.01767295	0.0
8.8224560546875	0.0067130397	0.0
8.6898486328125	-0.0094098095	0.0
8.557240234375	0.009065515	0.0
8.4246318359375	0.02207034	0.0
8.2920234375	-0.009467716	0.0
8.15941552734375	8.010711E-5	0.0
8.0268076171875	0.004457016	0.0
7.89419921875	-0.0067432467	0.0
7.76159130859375	-0.01115532	0.0
7.62898291015625	0.0023427266	0.0
7.496375	0.017809432	0.0
7.36376708984375	0.0048784623	0.0
7.23115869140625	-0.007575339	0.0
7.09855078125	0.01872819	0.0
6.9659423828125	-0.0038461566	0.0
6.83333447265625	-0.016324304	0.0
6.70072607421875	-0.018241748	0.0
6.5681181640625	-0.022022547	0.0
6.435509765625	0.014583531	0.0
6.30290185546875	0.0066687707	1.55422676471062E-5
6.17029345703125	0.0056190067	5.838009528815746E-4
6.037685546875	0.004422926	0.006320781074464321
5.9050771484375	0.030106597	0.019724328070878983
5.77246923828125	0.044772465	0.017754200845956802
5.63986083984375	0.012315543	0.004608984105288982
5.5072529296875	0.010128523	3.448353963904083E-4
5.37464453125	-0.004147389	7.4370809670654126E-6
5.24203662109375	-0.006450831	0.0
5.10942822265625	-0.0020520312	0.0
4.9768203125	0.012682088	0.0
4.8442119140625	0.0038144754	0.0
4.71160400390625	-1.2498249E-6	0.0
4.57899560546875	0.00776568	0.0
4.4463876953125	0.0010598309	0.0
4.313779296875	0.0055500944	0.0
4.18117138671875	-0.0021739511	0.0
4.048563232421875	0.005910114	0.0
3.915955078125	0.022210708	0.0
3.783346923828125	0.011923326	0.0
3.65073876953125	0.0019836752	0.0
3.518130615234375	0.0066419127	0.0
3.3855224609375	-0.005051412	0.0
3.252914306640625	-0.0013018261	0.0
3.12030615234375	0.013154639	0.0
2.987697998046875	0.0036946002	0.0
2.85508984375	0.023048922	0.0
2.722481689453125	0.018824706	0.0
2.58987353515625	-2.0942549E-4	0.0
2.457265380859375	-0.009294551	0.0
2.3246572265625	-0.012718067	0.0
2.192049072265625	-0.010328267	0.0
2.05944091796875	0.00883167	0.0
1.9268328857421875	-0.0010717332	0.0
1.7942247314453126	0.0090899365	0.0
1.6616165771484375	0.01379387	0.0
1.5290084228515626	0.011505082	0.0
1.3964002685546875	-0.014799001	0.0
1.2637921142578126	0.006455744	0.0
1.1311839599609375	-0.002150774	0.0
0.9985758056640625	0.016722033	0.0
0.8659676513671875	-0.005722848	0.0
