11.294345703125	-0.009258306	0.0
11.16169921875	0.005666455	0.0
11.029052734375	-0.0064497353	0.0
10.89640625	0.0065052127	0.0
10.763759765625	-4.4511087E-4	0.0
10.63111328125	-0.01789833	0.0
10.498466796875	0.0015732985	0.0
10.3658203125	0.0012943336	0.0
10.233173828125	-0.0010524973	0.0
10.10052734375	0.0073085628	0.0
9.967880859375	0.0073211775	0.0
9.835234375	-0.0066703553	0.0
9.702587890625	0.013878571	0.0
9.56994140625	0.0035654742	0.0
9.437294921875	0.018147765	0.0
9.3046484375	0.002982171	0.0
9.172001953125	0.0082858	0.0
9.03935546875	0.009017473	0.0
8.906708984375	-0.010544469	0.0
8.7740625	-0.001411883	0.0
8.641416015625	-0.017276896	0.0
8.50876953125	-0.019036697	0.0
8.376123046875	0.0044513955	0.0
8.2434765625	-3.3616263E-4	0.0
8.110830078125	-0.0010715632	0.0
7.97818359375	-0.0015840499	0.0
7.845537109375	0.010097494	0.0
7.712890625	0.009582713	0.0
7.580244140625	-0.0099464	0.0
7.44759765625	-0.011831061	0.0
7.314951171875	-0.0037354908	0.0
7.1823046875	0.015542469	0.0
7.049658203125	0.004373411	0.0
6.91701171875	0.013553017	0.0
6.784365234375	0.0070822085	0.0
6.65171875	-0.008834268	0.0
6.519072265625	0.0010169457	0.0
6.38642578125	0.007856744	0.0
6.253779296875	0.0015872037	4.4735424253872225E-9
6.1211328125	-0.013712138	2.2686997169785172E-7
5.988486328125	-0.012665662	2.114732524205465E-6
5.85583984375	-0.0010741436	3.623158136178972E-6
5.723193359375	-0.0113148475	1.1409655371608096E-6
5.590546875	-0.0066220453	6.604147273492345E-8
5.457900390625	-0.0013816355	0.0
5.32525390625	0.008326799	0.0
5.192607421875	0.011337783	0.0
5.0599609375	-0.007880827	0.0
4.927314453125	-0.0027873544	0.0
4.79466796875	-0.003443911	0.0
4.662021484375	-0.0030828048	0.0
4.529375	0.0095700985	0.0
4.396728515625	0.0039908024	0.0
4.26408203125	0.00397446	0.0
4.131435546875	-0.011055522	0.0
3.9987890625	-0.009128428	0.0
3.866142578125	0.0017996527	0.0
3.73349609375	0.011445728	0.0
3.600849609375	0.0023005279	0.0
3.468203125	-0.0063437973	0.0
3.335556640625	-0.0027155345	0.0
3.20291015625	-5.5291224E-4	0.0
3.070263671875	-0.005989859	0.0
2.9376171875	0.0064908774	0.0
2.804970703125	0.010790892	0.0
2.67232421875	0.005441534	0.0
2.539677734375	-0.0062941974	0.0
2.40703125	0.0102756815	0.0
2.274384765625	0.0040084347	0.0
2.14173828125	3.0663193E-4	0.0
2.009091796875	2.5602835E-4	0.0
1.8764453125	-0.01091819	0.0
1.743798828125	0.0040461365	0.0
1.61115234375	0.0035498487	0.0
1.478505859375	-8.754564E-4	0.0
1.345859375	0.0069164922	0.0
1.213212890625	-0.01765291	0.0
1.08056640625	-0.012050965	0.0
0.9479199829101562	-0.012050965	0.0
0.8152734985351563	0.008123954	0.0
0.6826270141601563	4.970046E-4	0.0
0.5499805297851562	0.024650397	0.0
0.41733404541015623	-0.0011296212	0.0
0.28468756103515624	0.0018803604	0.0
