10.72757421875	-5.746836E-5	0.0
10.5762685546875	9.5139723E-4	0.0
10.4249638671875	-0.0083311545	0.0
10.273658203125	-0.019388674	0.0
10.122353515625	0.0019432761	0.0
9.9710478515625	-0.0033344943	0.0
9.8197421875	4.178139E-4	0.0
9.6684375	-0.004013127	0.0
9.5171318359375	2.9862698E-4	0.0
9.3658271484375	0.0015047983	0.0
9.214521484375	-0.0028743728	0.0
9.063216796875	0.0010572727	0.0
8.9119111328125	-0.018233282	0.0
8.7606064453125	-0.004913215	0.0
8.60930078125	-0.00334768	0.0
8.45799609375	0.0020660835	0.0
8.3066904296875	0.014485365	0.0
8.1553857421875	0.012881462	0.0
8.004080078125	-0.0040545743	0.0
7.85277490234375	0.0036841428	0.0
7.7014697265625	0.0028437024	0.0
7.55016455078125	0.016293349	0.0
7.398859375	0.013864216	0.0
7.24755419921875	0.0029484094	0.0
7.0962490234375	-0.0029873452	0.0
6.94494384765625	-0.0010782025	0.0
6.793638671875	-0.0046112053	0.0
6.64233349609375	0.0027419915	0.0
6.4910283203125	-0.0031135778	0.0
6.33972314453125	-0.009377258	0.0
6.18841796875	0.003131733	0.004934578202664852
6.03711279296875	0.10702244	0.1276717334985733
5.8858076171875	0.55904067	0.61337810754776
5.73450244140625	0.73346686	0.6710413098335266
5.583197265625	0.1797336	0.1738654226064682
5.43189208984375	0.0020455483	0.008398954756557941
5.2805869140625	0.0034558272	0.0
5.12928173828125	-0.024850527	0.0
4.9779765625	-0.020091373	0.0
4.82667138671875	-0.0010639733	0.0
4.6753662109375	-0.0072119897	0.0
4.52406103515625	-0.006636493	0.0
4.372755859375	-0.0025938798	0.0
4.2214501953125	-0.0057761255	0.0
4.070145263671875	-0.022813674	0.0
3.918840087890625	-0.020539418	0.0
3.767534912109375	-0.006197268	0.0
3.616229736328125	-0.021808263	0.0
3.464924560546875	-0.009542845	0.0
3.313619140625	-0.012314539	0.0
3.16231396484375	-0.003971957	0.0
3.0110087890625	-0.005362301	0.0
2.85970361328125	-0.016985595	0.0
2.7083984375	0.0074517643	0.0
2.55709326171875	0.015432609	0.0
2.4057880859375	0.0052540526	0.0
2.25448291015625	0.009807362	0.0
2.103177734375	-0.009608648	0.0
1.9518724365234374	-0.004317362	0.0
1.8005672607421874	0.0056532295	0.0
1.6492620849609374	0.024798619	0.0
1.4979569091796876	0.025486257	0.0
1.3466517333984376	0.0073217824	0.0
1.1953465576171876	-0.0033328547	0.0
1.0440413818359375	9.284723E-4	0.0
0.8927361450195312	0.0065225842	0.0
0.741430908203125	1.3762937E-4	0.0
