10.7938994140625	-0.014301205	0.0
10.6412890625	0.01060142	0.0
10.4886796875	-0.0034984427	0.0
10.3360693359375	-0.0047797295	0.0
10.1834599609375	-0.014281273	0.0
10.030849609375	0.003933736	0.0
9.878240234375	-0.009583192	0.0
9.7256298828125	-0.0036123453	0.0
9.5730205078125	0.015687855	0.0
9.42041015625	0.01526507	0.0
9.26780078125	0.010787774	0.0
9.1151904296875	0.0063959784	0.0
8.9625810546875	0.0030398997	0.0
8.809970703125	1.6416762E-4	0.0
8.657361328125	-0.008293896	0.0
8.5047509765625	0.005051793	0.0
8.3521416015625	0.010330518	0.0
8.19953125	-0.0155664105	0.0
8.04692138671875	0.013092271	0.0
7.8943115234375	-3.7838993E-4	0.0
7.74170166015625	9.323178E-4	0.0
7.589091796875	-0.0029635432	0.0
7.43648193359375	-0.0014170193	0.0
7.2838720703125	-0.016876202	0.0
7.13126220703125	-0.019023463	0.0
6.97865234375	7.126314E-4	0.0
6.82604248046875	0.0035537041	0.0
6.67343212890625	-0.009499596	0.0
6.520822265625	-0.0065411255	0.0
6.36821240234375	-0.007666675	0.0
6.2156025390625	-0.0026391891	1.1195520346518606E-4
6.06299267578125	-0.012161945	0.004052478354424238
5.9103828125	-0.0098876795	0.029049696400761604
5.75777294921875	0.0073587545	0.04154518246650696
5.6051630859375	0.0013976746	0.01193221379071474
5.45255322265625	0.023974191	6.790744955651462E-4
5.299943359375	0.011927012	0.0
5.14733349609375	0.009729927	0.0
4.9947236328125	-0.011323257	0.0
4.84211376953125	0.0147112105	0.0
4.68950390625	-0.015688788	0.0
4.53689404296875	-0.008549214	0.0
4.3842841796875	-0.00390624	0.0
4.23167431640625	-0.009572596	0.0
4.079064208984375	0.009707693	0.0
3.926454345703125	-0.016580265	0.0
3.773844482421875	-0.035718776	0.0
3.621234619140625	-0.020830749	0.0
3.468624755859375	-0.006410139	0.0
3.316014892578125	0.018206257	0.0
3.163405029296875	0.0018828855	0.0
3.010795166015625	-0.009644802	0.0
2.85818505859375	-0.01101994	0.0
2.7055751953125	0.002261174	0.0
2.55296533203125	0.025873141	0.0
2.40035546875	-0.008678804	0.0
2.24774560546875	0.001025119	0.0
2.0951357421875	-0.009254442	0.0
1.94252587890625	-0.009602175	0.0
1.789916015625	0.004714803	0.0
1.6373060302734375	0.02496102	0.0
1.4846961669921874	0.022830946	0.0
1.3320863037109374	0.010927881	0.0
1.1794764404296876	0.006344265	0.0
1.0268665771484375	3.0306794E-4	0.0
0.8742566528320312	0.01446798	0.0
