#xValues(km/s)	yValues(K)	simulate(Show Plot)	simulate(All Species)
10.7559248046875	0.012682088	0.0	0.0
10.6233193359375	0.0038144754	0.0	0.0
10.4907138671875	-1.2498249E-6	0.0	0.0
10.3581083984375	0.00776568	0.0	0.0
10.2255029296875	0.0010598309	0.0	0.0
10.092896484375	0.0055500944	0.0	0.0
9.960291015625	-0.0021739511	0.0	0.0
9.827685546875	0.005910114	0.0	0.0
9.695080078125	0.022210708	0.0	0.0
9.562474609375	0.011923326	0.0	0.0
9.429869140625	0.0019836752	0.0	0.0
9.297263671875	0.0066419127	0.0	0.0
9.164658203125	-0.005051412	0.0	0.0
9.0320517578125	-0.0013018261	0.0	0.0
8.8994462890625	0.013154639	0.0	0.0
8.7668408203125	0.0036946002	0.0	0.0
8.6342353515625	0.023048922	0.0	0.0
8.5016298828125	0.018824706	0.0	0.0
8.3690244140625	-2.0942549E-4	0.0	0.0
8.2364189453125	-0.009294551	0.0	0.0
8.10381298828125	-0.012718067	0.0	0.0
7.97120751953125	-0.010328267	0.0	0.0
7.83860205078125	0.00883167	0.0	0.0
7.70599609375	-0.0010717332	0.0	0.0
7.573390625	0.0090899365	0.0	0.0
7.44078515625	0.01379387	0.0	0.0
7.3081796875	0.011505082	0.0	0.0
7.17557373046875	-0.014799001	0.0	0.0
7.04296826171875	0.006455744	0.0	0.0
6.91036279296875	-0.002150774	0.0	0.0
6.77775732421875	0.016722033	0.0	0.0
6.6451513671875	-0.005722848	0.0	0.0
6.5125458984375	-0.013470852	0.0	0.0
6.3799404296875	-0.0050854133	0.0	0.0
6.2473349609375	6.722152E-4	1.1846534471260384E-4	1.1846534471260384E-4
6.11472900390625	-0.010150107	0.0026413360610604286	0.0026413360610604286
5.98212353515625	0.01774548	0.016950543969869614	0.016950543969869614
5.84951806640625	0.030640967	0.03136124461889267	0.03136124461889267
5.71691259765625	-0.0019764993	0.016798313707113266	0.016798313707113266
5.584306640625	-0.015523942	0.002594010904431343	0.002594010904431343
5.451701171875	0.0060532666	1.1529464973136783E-4	1.1529464973136783E-4
5.319095703125	-0.015933821	0.0	0.0
5.186490234375	-0.012880593	0.0	0.0
5.05388427734375	0.002018588	0.0	0.0
4.92127880859375	-0.0014726387	0.0	0.0
4.78867333984375	-5.661149E-4	0.0	0.0
4.65606787109375	0.014803164	0.0	0.0
4.5234619140625	-0.0052289777	0.0	0.0
4.3908564453125	0.0012739435	0.0	0.0
4.2582509765625	0.0028431546	0.0	0.0
4.1256455078125	0.0036174925	0.0	0.0
3.993039794921875	0.0017597661	0.0	0.0
3.86043408203125	-0.012016528	0.0	0.0
3.72782861328125	-0.008240579	0.0	0.0
3.595222900390625	0.00323185	0.0	0.0
3.462617431640625	0.0017227652	0.0	0.0
3.33001171875	0.00838479	0.0	0.0
3.19740625	0.010525389	0.0	0.0
3.064800537109375	0.006258622	0.0	0.0
2.932195068359375	-0.002885151	0.0	0.0
2.79958935546875	0.010176008	0.0	0.0
2.66698388671875	-0.015970916	0.0	0.0
2.534378173828125	-0.009799892	0.0	0.0
2.401772705078125	0.006222546	0.0	0.0
2.2691669921875	0.0060400385	0.0	0.0
2.1365615234375	-0.0018949123	0.0	0.0
2.003955810546875	-0.0020915724	0.0	0.0
1.8713502197265626	-0.0067484225	0.0	0.0
1.73874462890625	-0.0018329357	0.0	0.0
1.6061390380859375	4.4493668E-4	0.0	0.0
1.473533447265625	0.008197566	0.0	0.0
1.3409278564453124	-0.008315321	0.0	0.0
1.208322265625	0.009588062	0.0	0.0
1.0757166748046876	-0.0035055645	0.0	0.0
0.9431111450195313	-0.021763418	0.0	0.0
0.8105055541992188	0.012699751	0.0	0.0
