#xValues(km/s)	yValues(K)	simulate(Show Plot)	simulate(All Species)
10.7831123046875	0.07665298	0.0	0.0
10.68365625	0.021296488	0.0	0.0
10.5842001953125	-6.5892725E-4	0.0	0.0
10.484744140625	-0.034979697	0.0	0.0
10.385287109375	-0.011659319	0.0	0.0
10.2858310546875	-0.0022675758	0.0	0.0
10.186375	-0.026441293	0.0	0.0
10.08691796875	-0.04416282	0.0	0.0
9.9874619140625	-0.02910088	0.0	0.0
9.888005859375	5.9086905E-4	0.0	0.0
9.7885498046875	0.0092666475	0.0	0.0
9.6890927734375	-0.024524158	0.0	0.0
9.58963671875	-0.009902471	0.0	0.0
9.4901806640625	-0.032936987	0.0	0.0
9.3907236328125	0.03214173	0.0	0.0
9.291267578125	0.02576301	0.0	0.0
9.1918115234375	0.029874232	0.0	0.0
9.09235546875	-0.01785803	0.0	0.0
8.9928984375	-5.355718E-4	0.0	0.0
8.8934423828125	-0.039601278	0.0	0.0
8.793986328125	0.06744975	0.0	0.0
8.694529296875	0.00821948	0.0	0.0
8.5950732421875	-0.03545369	0.0	0.0
8.4956171875	-0.04330117	0.0	0.0
8.3961611328125	0.03261509	0.0	0.0
8.2967041015625	0.007246846	0.0	0.0
8.197248046875	0.06173721	0.0	0.0
8.09779150390625	0.0281837	0.0	0.0
7.99833544921875	-0.017686628	0.0	0.0
7.89887890625	0.054686222	0.0	0.0
7.7994228515625	-0.006378234	0.0	0.0
7.69996630859375	-0.02925256	0.0	0.0
7.60051025390625	0.03601058	0.0	0.0
7.5010537109375	0.08632846	0.0	0.0
7.40159716796875	-0.023519913	0.0	0.0
7.30214111328125	-0.032383334	0.0	0.0
7.2026845703125	-0.028848754	0.0	0.0
7.103228515625	0.0033195782	0.0	0.0
7.00377197265625	0.0039068703	0.0	0.0
6.90431591796875	-0.006312883	0.0	0.0
6.804859375	-0.04825115	0.0	0.0
6.70540283203125	-0.0050528394	0.0	0.0
6.60594677734375	-0.019382574	0.0	0.0
6.506490234375	0.0402503	0.0	0.0
6.4070341796875	0.08239916	0.0	0.0
6.30757763671875	-0.019993067	5.017799594497774E-6	5.017799594497774E-6
6.20812158203125	0.05749701	8.841008821036667E-5	8.841008821036667E-5
6.1086650390625	0.015778678	7.737612468190491E-4	7.737612468190491E-4
6.00920849609375	-0.009906724	0.003363107331097126	0.003363107331097126
5.90975244140625	-6.024699E-4	0.007260107900947332	0.007260107900947332
5.8102958984375	-0.035616197	0.007789895869791508	0.007789895869791508
5.71083984375	0.02221421	0.004154900088906288	0.004154900088906288
5.61138330078125	0.033450615	0.0011007977882400155	0.0011007977882400155
5.51192724609375	0.071430676	1.4483366976492107E-4	1.4483366976492107E-4
5.412470703125	0.028395288	9.465290531807113E-6	9.465290531807113E-6
5.31301416015625	0.03734047	0.0	0.0
5.21355810546875	-0.034298535	0.0	0.0
5.1141015625	-0.041028563	0.0	0.0
5.0146455078125	0.011260241	0.0	0.0
4.91518896484375	-0.01083305	0.0	0.0
4.81573291015625	-0.07076314	0.0	0.0
4.7162763671875	-0.07023869	0.0	0.0
4.6168203125	-0.06496263	0.0	0.0
4.51736376953125	0.013840103	0.0	0.0
4.4179072265625	-0.022861758	0.0	0.0
4.318451171875	-0.017460702	0.0	0.0
4.21899462890625	0.019686358	0.0	0.0
4.11953857421875	-0.0040985737	0.0	0.0
4.02008203125	0.008259667	0.0	0.0
3.920625732421875	0.022804199	0.0	0.0
3.82116943359375	0.0039987103	0.0	0.0
3.721713134765625	-0.037531108	0.0	0.0
3.6222568359375	0.075214766	0.0	0.0
3.52280029296875	0.050775684	0.0	0.0
3.423343994140625	-7.366528E-5	0.0	0.0
3.3238876953125	0.0143255005	0.0	0.0
3.224431396484375	0.01795571	0.0	0.0
3.12497509765625	0.028982058	0.0	0.0
3.025518798828125	0.04149154	0.0	0.0
2.9260625	-0.0448551	0.0	0.0
2.826606201171875	0.002357579	0.0	0.0
2.727149658203125	0.014134366	0.0	0.0
2.627693359375	-0.004357369	0.0	0.0
2.528237060546875	-0.013932697	0.0	0.0
2.42878076171875	-0.0329046	0.0	0.0
2.329324462890625	0.047532957	0.0	0.0
2.2298681640625	-0.01157125	0.0	0.0
2.130411865234375	-0.036365807	0.0	0.0
2.0309554443359374	-0.056066047	0.0	0.0
1.9314991455078125	0.0046623745	0.0	0.0
1.832042724609375	-0.0449161	0.0	0.0
1.73258642578125	-0.018219396	0.0	0.0
1.633130126953125	0.05580116	0.0	0.0
1.5336737060546874	0.11268652	0.0	0.0
1.4342174072265625	0.049934234	0.0	0.0
1.3347611083984374	-0.052565496	0.0	0.0
1.2353048095703125	0.0027545209	0.0	0.0
1.135848388671875	0.0047551813	0.0	0.0
1.03639208984375	-0.028806025	0.0	0.0
0.936935791015625	-0.04390528	0.0	0.0
0.8374794311523438	-0.026195161	0.0	0.0
