10.7396826171875	0.0018390408	0.0
10.6070546875	0.005640428	0.0
10.47442578125	-0.013726066	0.0
10.341796875	-0.0029795957	0.0
10.2091689453125	0.009161441	0.0
10.0765400390625	-0.007486222	0.0
9.9439111328125	0.0035691138	0.0
9.811283203125	-0.0068541523	0.0
9.678654296875	-0.008849985	0.0
9.546025390625	0.0011474001	0.0
9.413396484375	-0.006593203	0.0
9.2807685546875	-0.005622834	0.0
9.1481396484375	-0.009651611	0.0
9.0155107421875	-0.003788881	0.0
8.8828828125	-0.010468277	0.0
8.75025390625	-0.0052995193	0.0
8.617625	-0.002743539	0.0
8.4849970703125	0.0055382787	0.0
8.3523681640625	8.3483534E-4	0.0
8.2197392578125	0.008699429	0.0
8.08711083984375	3.2942984E-4	0.0
7.954482421875	0.0026866016	0.0
7.82185400390625	0.007966818	0.0
7.68922509765625	-0.015027342	0.0
7.5565966796875	0.0035479502	0.0
7.42396826171875	-0.0013288149	0.0
7.29133935546875	0.018528821	0.0
7.1587109375	0.0061127557	0.0
7.02608203125	-0.0036888572	0.0
6.89345361328125	-7.3989824E-4	0.0
6.7608251953125	-0.018054126	0.0
6.6281962890625	-0.018166607	0.0
6.49556787109375	0.014795976	0.0
6.362939453125	-0.004697588	0.0
6.230310546875	0.00819899	8.50756168802036E-6
6.09768212890625	0.0013491572	1.6181821411009878E-4
5.9650537109375	0.005393354	8.869683952070773E-4
5.8324248046875	-0.0029093865	0.0014010854065418243
5.69979638671875	0.008815852	6.37838093098253E-4
5.56716748046875	-0.005790837	8.36808467283845E-5
5.4345390625	0.018960593	3.163786686855019E-6
5.30191064453125	-0.0013444304	0.0
5.16928173828125	-0.006917979	0.0
5.0366533203125	-0.002832887	0.0
4.90402490234375	-0.010170086	0.0
4.77139599609375	0.0030092888	0.0
4.638767578125	-0.013606552	0.0
4.50613916015625	0.009705262	0.0
4.37351025390625	0.0018360808	0.0
4.2408818359375	-0.013290471	0.0
4.1082529296875	0.012852658	0.0
3.97562451171875	0.005789727	0.0
3.84299609375	0.0011369474	0.0
3.710367431640625	-0.007803783	0.0
3.57773876953125	0.0056772437	0.0
3.445110107421875	-0.0082554715	0.0
3.312481689453125	-0.019768972	0.0
3.17985302734375	0.0055274824	0.0
3.047224365234375	-0.0013102044	0.0
2.914595703125	-0.0028142014	0.0
2.78196728515625	0.0032160317	0.0
2.649338623046875	-0.0042170933	0.0
2.5167099609375	-0.0011231645	0.0
2.38408154296875	0.016642574	0.0
2.251452880859375	0.004743432	0.0
2.11882421875	0.0011017964	0.0
1.9861956787109376	9.425997E-4	0.0
1.8535670166015625	0.019294988	0.0
1.7209384765625	0.01704348	0.0
1.588309814453125	-1.9647516E-4	0.0
1.4556812744140626	3.764849E-5	0.0
1.3230526123046875	0.003595477	0.0
1.190424072265625	0.018897321	0.0
1.0577955322265624	-0.0072065867	0.0
0.9251668701171875	-0.004745652	0.0
0.7925382690429688	0.0018584664	0.0
