#xValues(km/s)	yValues(K)	simulate(Show Plot)	simulate(All Species)
10.849306640625	0.021238025	0.0	0.0
10.7498427734375	0.040580254	0.0	0.0
10.65037890625	0.01277387	0.0	0.0
10.5509150390625	0.030012928	0.0	0.0
10.451451171875	-0.010195749	0.0	0.0
10.3519873046875	0.005277956	0.0	0.0
10.2525224609375	-0.03673052	0.0	0.0
10.15305859375	-0.020627823	0.0	0.0
10.0535947265625	0.05385877	0.0	0.0
9.954130859375	3.08237E-4	0.0	0.0
9.8546669921875	-0.049891878	0.0	0.0
9.755203125	-0.044819605	0.0	0.0
9.6557392578125	-0.031506203	0.0	0.0
9.5562744140625	0.01710686	0.0	0.0
9.456810546875	0.041189965	0.0	0.0
9.3573466796875	9.5024635E-4	0.0	0.0
9.2578828125	-0.022962442	0.0	0.0
9.1584189453125	-0.040290467	0.0	0.0
9.058955078125	0.008882689	0.0	0.0
8.9594912109375	0.05680501	0.0	0.0
8.86002734375	0.0436031	0.0	0.0
8.7605625	-0.08324559	0.0	0.0
8.6610986328125	-0.036137056	0.0	0.0
8.561634765625	-0.007101875	0.0	0.0
8.4621708984375	-0.018971266	0.0	0.0
8.36270703125	-0.040559154	0.0	0.0
8.2632431640625	0.045336854	0.0	0.0
8.16377880859375	0.052606195	0.0	0.0
8.06431494140625	0.040109143	0.0	0.0
7.96485107421875	-0.0043233596	0.0	0.0
7.86538671875	0.043640763	0.0	0.0
7.7659228515625	0.038654927	0.0	0.0
7.666458984375	0.046653904	0.0	0.0
7.56699462890625	0.028278373	0.0	0.0
7.46753076171875	-0.07771496	0.0	0.0
7.36806689453125	-0.015372717	0.0	0.0
7.26860302734375	-0.004973528	0.0	0.0
7.169138671875	-0.020132799	0.0	0.0
7.0696748046875	0.049373876	0.0	0.0
6.9702109375	0.053790856	0.0	0.0
6.8707470703125	0.002786684	0.0	0.0
6.77128271484375	-0.061510857	0.0	0.0
6.67181884765625	-0.032864578	0.0	0.0
6.57235498046875	-0.03241489	0.0	0.0
6.47289111328125	-0.064788185	0.0	0.0
6.3734267578125	-0.07565334	0.0	0.0
6.273962890625	-0.06817292	1.8839018878225033E-7	1.8839018878225033E-7
6.1744990234375	0.004196369	2.6208047074760543E-6	2.6208047074760543E-6
6.07503466796875	0.027038224	1.8110098608303815E-5	1.8110098608303815E-5
5.97557080078125	-0.029731598	6.216100155143067E-5	6.216100155143067E-5
5.87610693359375	-0.10894564	1.0597973596304655E-4	1.0597973596304655E-4
5.77664306640625	-0.044775635	8.975171658676118E-5	8.975171658676118E-5
5.6771787109375	7.831529E-4	3.775514051085338E-5	3.775514051085338E-5
5.57771484375	0.013161046	7.888943400757853E-6	7.888943400757853E-6
5.4782509765625	0.008850468	8.187872140297259E-7	8.187872140297259E-7
5.378787109375	0.010379941	4.221181271191199E-8	4.221181271191199E-8
5.27932275390625	0.019027686	0.0	0.0
5.17985888671875	0.006120792	0.0	0.0
5.08039501953125	-0.02175411	0.0	0.0
4.9809306640625	-0.018143285	0.0	0.0
4.881466796875	0.03621886	0.0	0.0
4.7820029296875	0.025332738	0.0	0.0
4.6825390625	5.1169336E-4	0.0	0.0
4.58307470703125	0.042420667	0.0	0.0
4.48361083984375	0.010722746	0.0	0.0
4.38414697265625	0.02798807	0.0	0.0
4.28468310546875	-0.052210607	0.0	0.0
4.18521875	-0.07126565	0.0	0.0
4.0857548828125	-0.0041309595	0.0	0.0
3.986291015625	0.025964595	0.0	0.0
3.886826904296875	0.004288151	0.0	0.0
3.78736279296875	0.030317035	0.0	0.0
3.68789892578125	0.009419296	0.0	0.0
3.588434814453125	-0.0015048214	0.0	0.0
3.488970947265625	-0.024283674	0.0	0.0
3.3895068359375	-0.09822893	0.0	0.0
3.29004296875	-0.07625864	0.0	0.0
3.190578857421875	0.012517076	0.0	0.0
3.091114990234375	0.051071327	0.0	0.0
2.99165087890625	-9.4770093E-4	0.0	0.0
2.89218701171875	-0.027301408	0.0	0.0
2.792722900390625	0.022245456	0.0	0.0
2.693259033203125	0.037967965	0.0	0.0
2.593794921875	-0.019393317	0.0	0.0
2.494330810546875	-0.014717035	0.0	0.0
2.394866943359375	-0.0011711117	0.0	0.0
2.29540283203125	-0.0341731	0.0	0.0
2.19593896484375	-0.050269265	0.0	0.0
2.096474853515625	-0.023047535	0.0	0.0
1.997010986328125	0.055662572	0.0	0.0
1.897546875	0.07780235	0.0	0.0
1.7980828857421876	0.014692127	0.0	0.0
1.698618896484375	0.013293066	0.0	0.0
1.5991549072265625	-0.0031176636	0.0	0.0
1.49969091796875	0.030967215	0.0	0.0
1.4002269287109375	0.061959967	0.0	0.0
1.300762939453125	5.408559E-4	0.0	0.0
1.2012989501953124	-0.04233105	0.0	0.0
1.1018349609375	-0.041606817	0.0	0.0
1.0023709106445313	-0.05051824	0.0	0.0
0.9029069213867188	-0.0047029676	0.0	0.0
0.8034429321289063	0.023374505	0.0	0.0
