#xValues(km/s)	yValues(K)	simulate(Show Plot)	simulate(All Species)
10.8041923828125	-0.004441634	0.0	0.0
10.6207294921875	-0.004151491	0.0	0.0
10.437265625	-9.894255E-4	0.0	0.0
10.2538017578125	-0.0037852766	0.0	0.0
10.070337890625	-0.002683971	0.0	0.0
9.886875	-0.001512575	0.0	0.0
9.7034111328125	0.0029257743	0.0	0.0
9.519947265625	0.0068679946	0.0	0.0
9.3364833984375	0.005061849	0.0	0.0
9.15301953125	0.002095341	0.0	0.0
8.969556640625	-0.0060770498	0.0	0.0
8.7860927734375	-0.00482646	0.0	0.0
8.60262890625	-0.0020446833	0.0	0.0
8.4191650390625	0.004010633	0.0	0.0
8.2357021484375	0.0029998708	0.0	0.0
8.05223828125	-0.0018298732	0.0	0.0
7.8687744140625	0.0012924962	0.0	0.0
7.68531103515625	0.0010343001	0.0	0.0
7.50184716796875	-7.161719E-4	0.0	0.0
7.31838330078125	8.286743E-4	0.0	0.0
7.134919921875	0.003688526	0.0	0.0
6.9514560546875	0.0062979045	0.0	0.0
6.76799267578125	7.816163E-4	0.0	0.0
6.58452880859375	-0.0025566008	0.0	0.0
6.4010654296875	0.002631022	0.0	0.0
6.2176015625	2.2908262E-4	3.026704325748142E-5	0.0
6.03413818359375	0.0026259155	0.0019097710028290749	0.0
5.85067431640625	0.0068902327	0.011676193214952946	0.0
5.66721044921875	0.0068523297	0.006928781047463417	0.0
5.4837470703125	8.217996E-4	3.986904921475798E-4	0.0
5.300283203125	0.0037951826	0.0	0.0
5.11681982421875	0.004120059	0.0	0.0
4.93335595703125	-0.001992546	0.0	0.0
4.749892578125	0.0041871453	0.0	0.0
4.5664287109375	0.0047889203	0.0	0.0
4.38296533203125	-0.0024408235	0.0	0.0
4.19950146484375	-0.0033670147	0.0	0.0
4.016037841796875	-0.00877146	0.0	0.0
3.83257421875	-0.0065811817	0.0	0.0
3.649110595703125	0.003332091	0.0	0.0
3.46564697265625	0.0019632343	0.0	0.0
3.282183349609375	-8.2268374E-4	0.0	0.0
3.098719482421875	0.002212246	0.0	0.0
2.915255859375	-1.0889363E-4	0.0	0.0
2.731792236328125	-0.0023424223	0.0	0.0
2.54832861328125	5.5569137E-4	0.0	0.0
2.364864990234375	5.268756E-5	0.0	0.0
2.1814013671875	-1.32440655E-5	0.0	0.0
1.997937744140625	0.0015042117	0.0	0.0
1.8144739990234375	0.0010438452	0.0	0.0
1.6310103759765624	-0.002305577	0.0	0.0
1.4475467529296875	-3.3305938E-4	0.0	0.0
1.2640831298828126	0.0015021368	0.0	0.0
1.0806195068359374	-4.844188E-4	0.0	0.0
0.8971558227539063	-6.6257315E-4	0.0	0.0
0.713692138671875	-0.004993924	0.0	0.0
