10.868880859375	0.0032589873	0.0
10.685412109375	0.00412678	0.0
10.501943359375	0.002426244	0.0
10.318474609375	0.004670527	0.0
10.135005859375	0.0030128802	0.0
9.9515380859375	1.963514E-4	0.0
9.7680693359375	-0.0017098376	0.0
9.5846005859375	-0.0028559004	0.0
9.4011318359375	-0.009779181	0.0
9.2176630859375	-0.00891608	0.0
9.0341943359375	-7.140247E-4	0.0
8.8507255859375	0.0019546903	0.0
8.6672568359375	-0.0017490555	0.0
8.4837880859375	4.695869E-4	0.0
8.3003193359375	-0.003462583	0.0
8.11685107421875	8.5887936E-5	0.0
7.93338232421875	0.0026662522	0.0
7.74991357421875	0.0024466335	0.0
7.5664453125	-0.003131211	0.0
7.3829765625	-0.0015990314	0.0
7.1995078125	-0.0026457454	0.0
7.0160390625	-9.912299E-4	0.0
6.8325703125	0.0017620561	0.0
6.6491015625	0.0015714245	0.0
6.46563330078125	0.0015955128	0.0
6.28216455078125	0.0040682196	2.042436335614184E-6
6.09869580078125	-0.0037460495	2.930086338892579E-4
5.91522705078125	-0.0018003087	0.004071967210620642
5.73175830078125	-0.0025149288	0.005488454829901457
5.5482900390625	-0.007889511	7.180663524195552E-4
5.3648212890625	-0.0029219943	9.099536327994429E-6
5.1813525390625	6.3856604E-4	0.0
4.9978837890625	-0.002272963	0.0
4.8144150390625	-0.0020601377	0.0
4.6309462890625	-0.0074221794	0.0
4.44747802734375	-0.003618661	0.0
4.26400927734375	0.0048910114	0.0
4.08054052734375	6.313486E-4	0.0
3.89707177734375	-0.002227944	0.0
3.713603271484375	0.00302764	0.0
3.530134521484375	8.298291E-4	0.0
3.346665771484375	-0.003660342	0.0
3.163197265625	-0.0015966857	0.0
2.979728515625	-0.001163547	0.0
2.796259765625	-4.6011398E-4	0.0
2.612791259765625	-0.004441634	0.0
2.429322509765625	-0.004151491	0.0
2.24585400390625	-9.894255E-4	0.0
2.06238525390625	-0.0037852766	0.0
1.87891650390625	-0.002683971	0.0
1.6954478759765625	-0.001512575	0.0
1.511979248046875	0.0029257743	0.0
1.3285106201171875	0.0068679946	0.0
1.1450418701171876	0.005061849	0.0
0.9615732421875	0.002095341	0.0
0.7781046142578125	-0.0060770498	0.0
