#xValues(km/s)	yValues(K)	simulate(Show Plot)	simulate(All Species)
10.8440234375	-0.0010247821	0.0	0.0
10.6575146484375	0.003249307	0.0	0.0
10.471005859375	0.0045592873	0.0	0.0
10.284498046875	0.0012575998	0.0	0.0
10.0979892578125	-0.005941533	0.0	0.0
9.91148046875	-0.006055948	0.0	0.0
9.72497265625	7.503286E-4	0.0	0.0
9.5384638671875	-0.0016124558	0.0	0.0
9.351955078125	-0.004459894	0.0	0.0
9.165447265625	-1.6630864E-4	0.0	0.0
8.9789384765625	0.0013952369	0.0	0.0
8.7924296875	-0.0023495315	0.0	0.0
8.605921875	-0.0025987145	0.0	0.0
8.4194130859375	0.0011093077	0.0	0.0
8.232904296875	0.0031561202	0.0	0.0
8.04639599609375	0.0041856207	0.0	0.0
7.8598876953125	5.723908E-4	0.0	0.0
7.67337890625	0.0011566002	0.0	0.0
7.48687060546875	-0.0049560587	0.0	0.0
7.3003623046875	-0.0072718756	0.0	0.0
7.113853515625	-0.0044395584	0.0	0.0
6.92734521484375	-0.004388675	0.0	0.0
6.7408369140625	-0.0063650003	0.0	0.0
6.554328125	-0.00815322	0.0	0.0
6.36781982421875	-0.0023975545	0.0	0.0
6.1813115234375	0.0026493543	7.96617750893347E-5	0.0
5.994802734375	0.008888111	0.003301827935501933	0.0
5.80829443359375	0.006534611	0.012266374193131924	0.0
5.6217861328125	0.0028547817	0.0040915110148489475	0.0
5.43527734375	-0.009363861	1.2233731104061007E-4	0.0
5.24876904296875	-0.010443144	0.0	0.0
5.0622607421875	-0.0037661681	0.0	0.0
4.87575244140625	-0.0039243214	0.0	0.0
4.68924365234375	-0.007890233	0.0	0.0
4.5027353515625	-0.0031369848	0.0	0.0
4.31622705078125	0.0038246296	0.0	0.0
4.12971826171875	0.0067435564	0.0	0.0
3.9432099609375	0.007259606	0.0	0.0
3.756701416015625	0.0055432003	0.0	0.0
3.57019287109375	0.002367873	0.0	0.0
3.3836845703125	-2.4449194E-4	0.0	0.0
3.197176025390625	0.0024561062	0.0	0.0
3.01066748046875	-0.0010758548	0.0	0.0
2.8241591796875	0.0015903703	0.0	0.0
2.637650634765625	0.0045659547	0.0	0.0
2.45114208984375	0.003343585	0.0	0.0
2.2646337890625	8.976733E-5	0.0	0.0
2.078125244140625	-0.0023920513	0.0	0.0
1.8916168212890625	-6.937797E-4	0.0	0.0
1.7051082763671874	6.664435E-4	0.0	0.0
1.518599853515625	-3.354321E-4	0.0	0.0
1.3320914306640625	0.0018319753	0.0	0.0
1.1455828857421875	0.0021829251	0.0	0.0
0.959074462890625	-4.3404082E-4	0.0	0.0
0.7725660400390625	-0.0012155129	0.0	0.0
