10.7613037109375	0.021995848	0.0
10.608951171875	0.006979911	0.0
10.456599609375	-0.0066514513	0.0
10.304248046875	0.0052881027	0.0
10.151896484375	4.7851514E-4	0.0
9.999544921875	-0.0042321854	0.0
9.847193359375	-0.018345585	0.0
9.6948408203125	-0.0013131213	0.0
9.5424892578125	-0.024918515	0.0
9.3901376953125	-0.018170081	0.0
9.2377861328125	-0.014258734	0.0
9.0854345703125	2.1228121E-4	0.0
8.9330830078125	0.0013236143	0.0
8.78073046875	-0.005733494	0.0
8.62837890625	0.0033930335	0.0
8.47602734375	0.0075720754	0.0
8.32367578125	0.008699949	0.0
8.17132421875	0.018236127	0.0
8.01897216796875	0.022812383	0.0
7.86662060546875	-0.017398914	0.0
7.71426904296875	0.011808834	0.0
7.5619169921875	0.015717562	0.0
7.4095654296875	0.008901224	0.0
7.2572138671875	0.003161055	0.0
7.1048623046875	-0.0056282007	0.0
6.95251025390625	-0.0065128407	0.0
6.80015869140625	-0.015211538	0.0
6.64780712890625	0.0072087967	0.0
6.495455078125	0.013104089	0.0
6.343103515625	0.012294775	0.0
6.190751953125	-0.0026131235	1.0244047189189587E-5
6.03839990234375	-0.005223172	2.8408964863047004E-4
5.88604833984375	-0.0018273427	0.0015757300425320864
5.73369677734375	-8.9985575E-4	0.001748843234963715
5.5813447265625	-0.013015561	3.884226898662746E-4
5.4289931640625	0.007826285	1.725450056255795E-5
5.2766416015625	0.019889075	0.0
5.12428955078125	-0.0043228795	0.0
4.97193798828125	-0.003967975	0.0
4.81958642578125	-0.0014214318	0.0
4.66723486328125	-0.0012954359	0.0
4.5148828125	0.013317197	0.0
4.36253125	-0.0038122416	0.0
4.2101796875	0.0053965077	0.0
4.057827880859375	-0.0062578167	0.0
3.90547607421875	-6.232079E-4	0.0
3.753124267578125	0.005700746	0.0
3.600772705078125	0.015126907	0.0
3.4484208984375	-0.0074339435	0.0
3.2960693359375	0.010938593	0.0
3.143717529296875	0.0043859067	0.0
2.99136572265625	0.015917422	0.0
2.83901416015625	0.0029393137	0.0
2.686662353515625	-0.007825211	0.0
2.534310546875	-0.0032596027	0.0
2.381958984375	0.0010680696	0.0
2.229607177734375	-0.014685346	0.0
2.077255615234375	-4.8912724E-4	0.0
1.92490380859375	0.0088318745	0.0
1.7725521240234374	0.010733296	0.0
1.6202003173828126	0.018119093	0.0
1.4678486328125	0.012481695	0.0
1.3154969482421874	0.004464424	0.0
1.163145263671875	0.0130744865	0.0
1.0107935180664063	-0.008089911	0.0
0.8584417724609374	0.017038481	0.0
