10.861828125	-0.011704549	0.0
10.709466796875	-0.013521553	0.0
10.55710546875	-0.0013595829	0.0
10.404744140625	0.0037745847	0.0
10.2523828125	-0.0014882188	0.0
10.1000205078125	0.012926417	0.0
9.9476591796875	0.0061869887	0.0
9.7952978515625	0.003102116	0.0
9.6429365234375	-0.024299612	0.0
9.4905751953125	-0.012355865	0.0
9.3382138671875	0.008385125	0.0
9.1858525390625	-0.0027269237	0.0
9.0334912109375	0.003879345	0.0
8.8811298828125	-0.004252699	0.0
8.7287685546875	-0.0015277253	0.0
8.5764072265625	-0.010845265	0.0
8.424044921875	-0.005498853	0.0
8.27168359375	0.012105735	0.0
8.11932275390625	-7.8456773E-4	0.0
7.9669609375	-0.013616325	0.0
7.814599609375	-0.0018968267	0.0
7.66223828125	-0.0013584414	0.0
7.509876953125	-0.0018065259	0.0
7.357515625	-0.0032570665	0.0
7.20515380859375	-0.009483283	0.0
7.05279248046875	-0.006047708	0.0
6.90043115234375	0.00469013	0.0
6.74806982421875	-0.002096364	0.0
6.59570849609375	0.004972164	0.0
6.4433466796875	-0.0015811321	0.0
6.2909853515625	0.0117072435	4.768994585901964E-7
6.1386240234375	0.0033838598	3.8134421629365534E-5
5.9862626953125	0.0018086511	6.098291487433016E-4
5.8339013671875	0.011323803	0.0019501919159665704
5.6815400390625	-0.0013738392	0.0012479244032874703
5.52917822265625	0.011201269	1.5972967958077788E-4
5.37681689453125	0.009079659	4.088274181412999E-6
5.22445556640625	-0.0014284931	0.0
5.07209423828125	-0.008984797	0.0
4.91973291015625	-0.007764279	0.0
4.76737109375	-0.013180685	0.0
4.615009765625	-0.004687644	0.0
4.4626484375	0.0033823245	0.0
4.310287109375	-1.1567264E-4	0.0
4.15792578125	0.017144747	0.0
4.005564208984375	-0.032019828	0.0
3.853202880859375	-0.012364011	0.0
3.70084130859375	-0.010796822	0.0
3.54847998046875	-0.007327443	0.0
3.396118408203125	0.013747642	0.0
3.243757080078125	-0.0029192467	0.0
3.091395751953125	0.007850626	0.0
2.9390341796875	-0.0027947167	0.0
2.7866728515625	0.0107474	0.0
2.6343115234375	-0.007364587	0.0
2.481949951171875	0.028062979	0.0
2.329588623046875	9.379615E-4	0.0
2.17722705078125	-0.0040894267	0.0
2.02486572265625	0.007257164	0.0
1.8725042724609375	-1.0395007E-5	0.0
1.7201429443359375	0.013200547	0.0
1.567781494140625	-0.013560595	0.0
1.4154200439453124	0.010556264	0.0
1.26305859375	0.0023387696	0.0
1.110697265625	-0.0021797172	0.0
0.9583358154296875	-0.005659679	0.0
0.805974365234375	-0.015048953	0.0
