10.7191005859375	-0.0031177616	0.0
10.5380166015625	0.004954003	0.0
10.356931640625	0.01747315	0.0
10.17584765625	3.902708E-4	0.0
9.9947626953125	-0.01058791	0.0
9.8136787109375	0.003828266	0.0
9.6325947265625	0.010286146	0.0
9.451509765625	-0.01190368	0.0
9.27042578125	-0.011054358	0.0
9.0893408203125	0.0053313756	0.0
8.9082568359375	-0.009794953	0.0
8.7271728515625	0.005632274	0.0
8.546087890625	0.006377784	0.0
8.36500390625	0.020701015	0.0
8.18391943359375	0.017843647	0.0
8.0028349609375	-5.0780113E-4	0.0
7.82175048828125	-0.01787087	0.0
7.640666015625	-0.029466454	0.0
7.45958203125	-0.013031094	0.0
7.27849755859375	-0.012596602	0.0
7.0974130859375	-0.0057066204	0.0
6.91632861328125	0.011662862	0.0
6.735244140625	0.00169941	3.5968896554550156E-5
6.55416015625	-0.005939384	5.228757509030402E-4
6.37307568359375	0.004660649	0.003982750233262777
6.1919912109375	0.034208987	0.015886280685663223
6.01090673828125	0.032840647	0.03319389000535011
5.829822265625	0.026627302	0.0364079512655735
5.64873828125	0.029160365	0.020972467958927155
5.46765380859375	0.0034179809	0.0063315946608781815
5.2865693359375	-5.0994894E-4	0.0010009059915319085
5.10548486328125	-0.0015097496	8.289245306514204E-5
4.92440087890625	1.6398268E-4	0.0
4.74331640625	-0.0051036905	0.0
4.56223193359375	0.013027417	0.0
4.3811474609375	0.007930346	0.0
4.20006298828125	0.018587127	0.0
4.018978759765625	0.009943751	0.0
3.837894287109375	0.010214045	0.0
3.65681005859375	-0.016105648	0.0
3.4757255859375	0.0068993294	0.0
3.294641357421875	0.0144568365	0.0
3.113556884765625	0.009090141	0.0
2.932472412109375	-0.017997485	0.0
2.75138818359375	-0.008909673	0.0
2.5703037109375	-0.00919111	0.0
2.389219482421875	0.017486222	0.0
2.208135009765625	0.005874599	0.0
2.0270506591796873	-0.010952602	0.0
1.84596630859375	-0.0102591375	0.0
1.6648819580078125	-0.0027857255	0.0
1.4837974853515625	1.6503652E-4	0.0
1.302713134765625	0.014797918	0.0
1.1216287841796875	0.0021952994	0.0
0.94054443359375	-0.013445364	0.0
0.7594600219726563	-0.014248392	0.0
