10.814033203125	-9.540074E-4	0.0
10.634623046875	7.7291904E-4	0.0
10.4552119140625	0.0046888846	0.0
10.2758017578125	0.0051514925	0.0
10.096390625	0.002363427	0.0
9.91698046875	6.965819E-4	0.0
9.7375693359375	-0.0010121778	0.0
9.5581591796875	0.0017285765	0.0
9.378748046875	-0.0020138114	0.0
9.199337890625	0.0019285958	0.0
9.019927734375	0.005425567	0.0
8.8405166015625	0.0027916033	0.0
8.6611064453125	0.004164564	0.0
8.4816953125	0.0020086316	0.0
8.30228515625	-0.0023937332	0.0
8.12287451171875	-0.004236339	0.0
7.9434638671875	-3.3299552E-4	0.0
7.76405322265625	0.0028290933	0.0
7.584642578125	-7.424803E-4	0.0
7.40523193359375	-0.0011974338	0.0
7.2258212890625	-0.0037567907	0.0
7.04641064453125	-0.007379996	0.0
6.867	-0.006574425	0.0
6.68758935546875	-0.0064057284	3.991272023995407E-5
6.50817919921875	-0.008066188	4.79707756312564E-4
6.3287685546875	-0.006034045	0.003057423746213317
6.14935791015625	0.01672975	0.010330592282116413
5.969947265625	0.022602329	0.018512412905693054
5.79053662109375	0.0154538015	0.017612988129258156
5.6111259765625	0.010972035	0.008895627222955227
5.43171533203125	0.0058923927	0.002382474485784769
5.2523046875	0.005664537	3.3828563755378127E-4
5.07289404296875	3.96538E-4	2.547219628468156E-5
4.89348388671875	9.45743E-4	0.0
4.7140732421875	0.0062252064	0.0
4.53466259765625	0.004782205	0.0
4.355251953125	-0.0017897125	0.0
4.17584130859375	-0.0036481672	0.0
3.9964306640625	0.0018426083	0.0
3.81702001953125	0.0056133587	0.0
3.637609619140625	0.0075249663	0.0
3.458198974609375	-3.7219294E-4	0.0
3.278788330078125	0.0011557202	0.0
3.099377685546875	0.0019911495	0.0
2.919967041015625	-0.0024534129	0.0
2.740556640625	-0.007020718	0.0
2.56114599609375	-0.009497798	0.0
2.3817353515625	-0.008165035	0.0
2.20232470703125	-0.009882875	0.0
2.0229141845703125	-0.004093088	0.0
1.8435035400390625	0.001344536	0.0
1.664093017578125	5.036847E-4	0.0
1.484682373046875	-0.0012401225	0.0
1.3052718505859375	-0.0023382471	0.0
1.1258612060546875	0.005186571	0.0
0.9464506225585938	0.008403099	0.0
0.7670400390625	0.008865906	0.0
