10.7983193359375	-0.0031281025	0.0
10.652083984375	-0.0053880285	0.0
10.50584765625	-0.0013286449	0.0
10.359611328125	0.0014673355	0.0
10.213375	6.442434E-4	0.0
10.067138671875	0.0017603427	0.0
9.92090234375	0.0021675571	0.0
9.774666015625	0.00233818	0.0
9.6284296875	6.1214894E-5	0.0
9.482193359375	-0.0031802566	0.0
9.33595703125	-0.003248021	0.0
9.189720703125	-2.3714197E-4	0.0
9.043484375	0.0028457372	0.0
8.897248046875	-0.0016918519	0.0
8.7510126953125	-0.0020005372	0.0
8.6047763671875	-4.1496244E-4	0.0
8.4585400390625	-0.0019300511	0.0
8.3123037109375	-0.0062466157	0.0
8.1660673828125	-0.007326332	0.0
8.0198310546875	-0.0035710745	0.0
7.8735947265625	-2.3542522E-4	0.0
7.7273583984375	6.9528754E-4	0.0
7.5811220703125	-0.0012115063	0.0
7.4348857421875	3.5982343E-4	0.0
7.2886494140625	0.0018103236	0.0
7.14241357421875	-0.0013784057	0.0
6.99617724609375	-3.9002433E-4	0.0
6.84994091796875	-1.9205606E-4	0.0
6.70370458984375	-0.0031520673	2.7590847821556963E-5
6.55746826171875	-0.0036582935	2.30078338063322E-4
6.41123193359375	-0.0063614445	0.0012588894460350275
6.26499609375	-0.003439336	0.004518876783549786
6.118759765625	0.0035516457	0.010640772990882397
5.9725234375	0.013307199	0.016442570835351944
5.826287109375	0.026871147	0.01668282225728035
5.68005078125	0.017638257	0.011114382185041904
5.533814453125	0.002795702	0.004859267268329859
5.387578125	-0.004329639	0.0013936710311099887
5.24134228515625	-0.0023024161	2.622275205794722E-4
5.09510595703125	-0.0017929241	3.237344935769215E-5
4.94886962890625	4.3384457E-4	0.0
4.80263330078125	-0.0013663355	0.0
4.65639697265625	-0.0012355931	0.0
4.51016064453125	-0.003620681	0.0
4.36392431640625	-0.0035345035	0.0
4.2176884765625	-0.0017050385	0.0
4.071451904296875	0.003952522	0.0
3.9252158203125	0.0019562743	0.0
3.7789794921875	0.0010294573	0.0
3.6327431640625	0.0020596292	0.0
3.486507080078125	3.5207934E-4	0.0
3.340270751953125	-4.1921515E-4	0.0
3.194034423828125	0.0019668748	0.0
3.04779833984375	-8.802572E-4	0.0
2.90156201171875	-0.0039144396	0.0
2.75532568359375	-0.0014855213	0.0
2.60908935546875	-5.3663703E-4	0.0
2.462853271484375	-5.6822837E-4	0.0
2.316616943359375	-2.5337917E-4	0.0
2.170380615234375	0.0011239748	0.0
2.0241444091796876	4.788367E-4	0.0
1.877908203125	-0.001019183	0.0
1.731671875	6.068508E-4	0.0
1.5854356689453124	-0.0021343986	0.0
1.439199462890625	-0.0015745556	0.0
1.292963134765625	-4.7549556E-4	0.0
1.1467269287109374	-0.004965616	0.0
1.0004906616210938	-0.004055105	0.0
0.85425439453125	0.002365188	0.0
