10.752419921875	-0.015222252	0.0
10.57130859375	0.00872962	0.0
10.3901982421875	0.013464704	0.0
10.209087890625	0.00936103	0.0
10.0279775390625	0.010560844	0.0
9.8468662109375	-0.012186378	0.0
9.665755859375	-0.005553159	0.0
9.4846455078125	-4.929879E-4	0.0
9.30353515625	5.5959047E-4	0.0
9.122423828125	0.0027525297	0.0
8.9413134765625	-0.015406001	0.0
8.760203125	6.4114796E-4	0.0
8.5790927734375	3.776711E-5	0.0
8.3979814453125	-0.0021184532	0.0
8.21687109375	-0.009786929	0.0
8.03576025390625	0.005299937	0.0
7.85464990234375	-0.008680491	0.0
7.6735390625	-0.015022304	0.0
7.4924287109375	0.005294524	0.0
7.31131787109375	-0.006980144	0.0
7.13020751953125	-0.012245652	0.0
6.9490966796875	-0.0111956	0.0
6.767986328125	-0.005510305	1.7308607880295312E-8
6.58687548828125	0.008754943	2.8290526188357035E-7
6.40576513671875	0.0022473969	2.42317037191242E-6
6.224654296875	0.011475208	1.0876657142944168E-5
6.0435439453125	0.0055164616	2.5584209652151912E-5
5.86243310546875	0.009792639	3.153671423206106E-5
5.68132275390625	-0.010027059	2.0371759092085995E-5
5.5002119140625	0.007794866	6.896149443491595E-6
5.3191015625	-0.014959861	1.2233562074470683E-6
5.13799072265625	-0.0024863074	1.1372772235063167E-7
4.9568798828125	-0.001872075	0.0
4.77576953125	7.0715393E-4	0.0
4.59465869140625	0.0042828587	0.0
4.41354833984375	0.015407162	0.0
4.2324375	0.020045603	0.0
4.0513271484375	-0.013529511	0.0
3.870216552734375	-6.47078E-4	0.0
3.68910595703125	0.014213838	0.0
3.5079951171875	0.0126882335	0.0
3.326884521484375	0.0056142197	0.0
3.14577392578125	-0.0017073975	0.0
2.964663330078125	0.0074550803	0.0
2.783552734375	0.012225563	0.0
2.602442138671875	-0.0227479	0.0
2.42133154296875	-0.025397865	0.0
2.240220947265625	0.011340792	0.0
2.0591103515625	0.007452601	0.0
1.877999755859375	-0.015996337	0.0
1.69688916015625	0.017646853	0.0
1.515778564453125	0.007830514	0.0
1.33466796875	-0.007906426	0.0
1.1535572509765626	-0.0057646944	0.0
0.9724467163085937	-0.0161231	0.0
0.7913360595703125	0.007710142	0.0
