10.7275732421875	-0.0038742588	0.0
10.576267578125	-0.0064155175	0.0
10.424962890625	-0.0055176113	0.0
10.2736572265625	0.014000217	0.0
10.1223525390625	-0.004539097	0.0
9.971046875	-0.005628481	0.0
9.8197421875	0.014415702	0.0
9.6684365234375	0.007809023	0.0
9.5171318359375	-0.006029433	0.0
9.365826171875	-0.01177363	0.0
9.214521484375	5.748185E-4	0.0
9.0632158203125	0.004570617	0.0
8.9119111328125	-0.0058580237	0.0
8.76060546875	0.0024859293	0.0
8.60930078125	0.004973687	0.0
8.4579951171875	-0.015772108	0.0
8.3066904296875	-0.0064424993	0.0
8.15538525390625	0.0037968801	0.0
8.004080078125	0.0027198745	0.0
7.85277490234375	0.008532932	0.0
7.7014697265625	0.012184672	0.0
7.55016455078125	-0.014594346	0.0
7.398859375	0.014168425	0.0
7.24755419921875	0.016792655	0.0
7.0962490234375	0.0046637566	0.0
6.94494384765625	8.94232E-4	0.0
6.793638671875	0.0112276105	0.0
6.64233349609375	-2.8454E-4	0.0
6.4910283203125	2.2872328E-4	0.0
6.33972314453125	0.004771561	0.0
6.18841796875	0.018826688	0.003919736482203007
6.03711279296875	0.08471048	0.10264748334884644
5.8858076171875	0.47450167	0.5202509760856628
5.73450244140625	0.6379629	0.5732022523880005
5.583197265625	0.171462	0.1404450386762619
5.431892578125	0.014491715	0.006673944648355246
5.28058740234375	0.017159337	0.0
5.1292822265625	0.01755618	0.0
4.97797705078125	0.022730596	0.0
4.826671875	-0.002167009	0.0
4.67536669921875	3.9436214E-4	0.0
4.5240615234375	7.8606117E-4	0.0
4.37275634765625	0.0059792195	0.0
4.221451171875	-0.005078779	0.0
4.07014599609375	-0.007318271	0.0
3.9188408203125	1.1519112E-4	0.0
3.76753564453125	-0.006167583	0.0
3.61623046875	-0.0018140617	0.0
3.46492529296875	-0.004802015	0.0
3.3136201171875	0.008326456	0.0
3.16231494140625	-0.006641726	0.0
3.011009765625	-0.009711132	0.0
2.85970458984375	8.905612E-4	0.0
2.7083994140625	0.0010706543	0.0
2.55709423828125	0.013218037	0.0
2.4057890625	0.0018530547	0.0
2.25448388671875	-0.008598333	0.0
2.1031787109375	-0.0031942627	0.0
1.9518736572265625	-0.01053937	0.0
1.8005684814453125	-0.01606265	0.0
1.6492633056640624	1.8177852E-4	0.0
1.4979581298828124	0.007408753	0.0
1.3466529541015626	0.004057173	0.0
1.1953477783203126	-0.014809483	0.0
1.044042724609375	-0.006076396	0.0
0.8927374877929688	-0.0017433385	0.0
0.741432373046875	2.7404955E-4	0.0
