13.324634765625	0.047087274	0.0
13.224630859375	0.046390746	0.0
13.124626953125	1.0868293E-4	0.0
13.024623046875	-0.008340345	0.0
12.9246181640625	-0.05819199	0.0
12.8246142578125	-0.029448064	0.0
12.7246103515625	-0.022082064	0.0
12.62460546875	0.052088544	0.0
12.5246015625	0.05484588	0.0
12.42459765625	-0.010817215	0.0
12.32459375	-0.0477835	0.0
12.2245888671875	-0.017247336	0.0
12.1245849609375	-0.015361064	0.0
12.0245810546875	0.017544366	0.0
11.924576171875	0.031972088	0.0
11.824572265625	0.015241903	0.0
11.724568359375	0.024409033	0.0
11.624564453125	0.026764493	0.0
11.5245595703125	0.05511693	0.0
11.4245556640625	-0.018636776	0.0
11.3245517578125	-0.012731821	0.0
11.224546875	-0.020812215	0.0
11.12454296875	-0.038857102	0.0
11.0245390625	0.008769103	0.0
10.92453515625	-0.018009175	0.0
10.8245302734375	0.013900928	0.0
10.7245263671875	0.051810578	0.0
10.6245224609375	0.018439356	0.0
10.524517578125	-0.08932532	0.0
10.424513671875	-0.008929978	0.0
10.324509765625	0.06464684	0.0
10.224505859375	-0.03280114	0.0
10.1245009765625	-0.075046726	0.0
10.0244970703125	-0.024698881	0.0
9.9244931640625	-0.015760064	0.0
9.8244892578125	0.035233196	0.0
9.724484375	0.019411424	0.0
9.62448046875	-0.03589758	0.0
9.5244765625	0.0041095763	0.0
9.4244716796875	0.027163943	0.0
9.3244677734375	-0.046961624	0.0
9.2244638671875	-0.045500234	0.0
9.1244599609375	0.011126363	0.0
9.024455078125	-0.04546849	0.0
8.924451171875	-0.004573129	0.0
8.824447265625	-0.0101308655	0.0
8.7244423828125	-0.017041618	0.0
8.6244384765625	0.0015657196	0.0
8.5244345703125	0.037529096	0.0
8.4244306640625	-9.39428E-4	0.0
8.32442578125	0.0076364856	0.0
8.224421875	0.014406589	0.0
8.12441748046875	0.040693652	0.0
8.02441357421875	0.10884091	0.0
7.9244091796875	-0.0059435153	0.0
7.8244052734375	-0.096681885	0.0
7.72440087890625	0.007905586	0.0
7.62439697265625	0.033941004	0.0
7.524392578125	0.0053232536	0.0
7.424388671875	-0.039060235	0.0
7.32438427734375	-0.06514998	0.0
7.2243798828125	-0.0514876	0.0
7.1243759765625	0.012864661	0.0
7.02437158203125	-0.017563393	0.0
6.92436767578125	6.962749E-4	0.0
6.82436328125	-0.009249182	0.0
6.724359375	-0.015859375	0.0
6.62435498046875	0.021235475	0.0
6.5243505859375	0.015302336	0.0
6.4243466796875	0.00120658	0.0
6.32434228515625	0.0047763186	0.0
6.22433837890625	0.042591386	1.0189422027906403E-4
6.124333984375	0.0036558271	0.001365171279758215
6.024330078125	0.0015465337	0.009132967330515385
5.92432568359375	-0.023573073	0.03047027811408043
5.82432177734375	-0.017376984	0.05082661285996437
5.7243173828125	0.0014127376	0.042599406093358994
5.62431298828125	-0.028749917	0.017900584265589714
5.52430908203125	-0.0058857044	0.0037531545385718346
5.4243046875	-0.0035626034	3.9262979407794774E-4
5.32430078125	-0.019094693	2.05223241209751E-5
5.22429638671875	-0.0021795952	0.0
5.12429248046875	0.045964163	0.0
5.0242880859375	0.014303439	0.0
4.92428369140625	-0.019182196	0.0
4.82427978515625	0.009961273	0.0
4.724275390625	-0.003201179	0.0
4.624271484375	0.029223235	0.0
4.52426708984375	0.019697726	0.0
4.42426318359375	0.03404361	0.0
4.3242587890625	-0.0011895476	0.0
4.2242548828125	0.009205885	0.0
4.12425048828125	-0.030084169	0.0
4.024246337890625	0.058084358	0.0
3.9242421875	-0.012465915	0.0
3.824238037109375	-0.0060925176	0.0
3.724233642578125	-0.0027880117	0.0
3.6242294921875	-0.041141756	0.0
3.524225341796875	-0.112387195	0.0
3.42422119140625	-0.03982288	0.0
3.324217041015625	-0.0115838	0.0
3.224212890625	0.027214995	0.0
3.124208740234375	0.021853883	0.0
3.02420458984375	-0.0014703705	0.0
2.9242001953125	0.08314096	0.0
2.824196044921875	-0.0035781094	0.0
2.72419189453125	-0.0010574277	0.0
2.624187744140625	-0.006221997	0.0
2.52418359375	0.023248203	0.0
2.424179443359375	0.054930292	0.0
2.32417529296875	0.027945193	0.0
2.224171142578125	-0.017944902	0.0
2.124166748046875	-0.020928472	0.0
2.0241627197265624	0.056217697	0.0
1.924158447265625	0.042982344	0.0
1.824154296875	0.037608285	0.0
1.724150146484375	-0.06670139	0.0
1.62414599609375	-0.034653626	0.0
1.5241417236328125	0.004070193	0.0
1.4241375732421875	-0.011684796	0.0
1.3241334228515624	-0.00174359	0.0
1.2241292724609374	-0.027332123	0.0
1.124125	0.008190875	0.0
1.024120849609375	0.034446478	0.0
0.92411669921875	-0.003338552	0.0
0.8241124877929688	-0.019894341	0.0
0.7241083374023437	-0.03214131	0.0
0.6241041259765625	-0.046419982	0.0
0.5240999755859375	0.0010993297	0.0
0.42409576416015626	-0.031330235	0.0
0.32409158325195314	0.055705596	0.0
0.22408740234375	0.055675138	0.0
0.12408322143554687	0.049926516	0.0
0.024079044342041014	0.005976119	0.0
-0.07592514038085937	0.0014795186	0.0
-0.1759293212890625	0.04853272	0.0
-0.27593350219726565	-0.0044776862	0.0
-0.37593768310546877	0.014163623	0.0
-0.4759418640136719	-0.010129723	0.0
-0.575946044921875	0.022937117	0.0
-0.6759501953125	-0.05369143	0.0
-0.7759544067382812	-0.014373441	0.0
-0.8759585571289062	-0.035436478	0.0
-0.9759627685546876	0.007599668	0.0
-1.0759669189453125	-0.052943915	0.0
-1.1759710693359375	6.641204E-4	0.0
-1.275975341796875	0.033846356	0.0
-1.3759794921875	0.039733298	0.0
-1.475983642578125	0.034282513	0.0
-1.57598779296875	-0.003441542	0.0
-1.6759920654296876	-0.03657915	0.0
