10.7231552734375	0.0011385565	0.0
10.538103515625	0.001057811	0.0
10.353052734375	-0.0023322366	0.0
10.1680009765625	-0.006805537	0.0
9.98294921875	-0.002409644	0.0
9.7978984375	-0.0059538744	0.0
9.6128466796875	-0.0037234947	0.0
9.427794921875	0.002000774	0.0
9.242744140625	5.5303895E-5	0.0
9.0576923828125	-6.4894115E-4	0.0
8.872640625	-0.0021944728	0.0
8.68758984375	6.89359E-4	0.0
8.5025380859375	0.0024644064	0.0
8.317486328125	0.0077261254	0.0
8.132435546875	0.002624454	0.0
7.9473837890625	-0.008568585	0.0
7.76233251953125	-0.0152977975	0.0
7.57728125	-0.009018144	0.0
7.3922294921875	-5.047721E-4	0.0
7.20717822265625	-1.4173315E-4	0.0
7.022126953125	1.4597342E-4	0.0
6.8370751953125	1.4795822E-5	0.0
6.65202392578125	-0.00655473	0.0
6.46697265625	-0.005217241	0.0
6.2819208984375	-8.7160023E-4	5.378233709052438E-6
6.09686962890625	0.0024346344	7.946778205223382E-4
5.911818359375	0.007980632	0.01091836765408516
5.7267666015625	0.006657669	0.013978909701108932
5.54171533203125	0.003564169	0.0016695959493517876
5.3566640625	0.007165959	1.8539123630034737E-5
5.1716123046875	0.0060588894	0.0
4.98656103515625	0.0036606127	0.0
4.801509765625	0.0050529535	0.0
4.6164580078125	0.0024342735	0.0
4.43140673828125	7.3383667E-4	0.0
4.24635546875	-0.0034473361	0.0
4.061303955078125	-0.0036966098	0.0
3.87625244140625	9.477446E-4	0.0
3.691201171875	0.0011773505	0.0
3.506149658203125	8.279345E-4	0.0
3.32109814453125	0.0026540458	0.0
3.136046875	0.005198115	0.0
2.950995361328125	0.007308956	0.0
2.76594384765625	0.0025980198	0.0
2.580892578125	-0.0029348054	0.0
2.395841064453125	-0.0043780296	0.0
2.21078955078125	-0.0039373124	0.0
2.0257381591796877	-0.005731306	0.0
1.840686767578125	-5.653989E-4	0.0
1.6556353759765625	0.0023814957	0.0
1.470583984375	-0.0026885993	0.0
1.285532470703125	-0.004581923	0.0
1.1004810791015625	-0.002719093	0.0
0.9154296264648437	-5.3255935E-4	0.0
0.7303782348632812	-0.0018024739	0.0
