10.7283515625	8.305036E-4	0.0
10.5803505859375	-7.455463E-4	0.0
10.432349609375	-0.0012254281	0.0
10.28434765625	0.0028564553	0.0
10.1363466796875	0.0042153453	0.0
9.988345703125	0.0030594685	0.0
9.84034375	-0.0035538068	0.0
9.6923427734375	-0.00385337	0.0
9.544341796875	0.006580521	0.0
9.39633984375	0.005692395	0.0
9.2483388671875	0.0042635044	0.0
9.100337890625	-0.0057040136	0.0
8.9523359375	-0.013779276	0.0
8.8043349609375	-0.012242332	0.0
8.656333984375	-0.00493015	0.0
8.50833203125	-0.005645832	0.0
8.3603310546875	0.0012692941	0.0
8.212330078125	0.0031375417	0.0
8.06432861328125	9.778142E-5	0.0
7.9163271484375	-0.0062859626	0.0
7.76832568359375	-0.0021387343	0.0
7.62032470703125	0.0032140876	0.0
7.4723232421875	0.0021502667	0.0
7.32432177734375	0.010526934	0.0
7.1763203125	0.011805797	0.0
7.0283193359375	-0.0012987256	0.0
6.88031787109375	-0.0014649692	0.0
6.73231640625	-0.0013554031	0.0
6.5843154296875	0.006106489	0.0
6.43631396484375	0.0068051596	0.0
6.2883125	0.00598936	3.650795861176448E-6
6.1403115234375	-0.0036395034	2.562246809247881E-4
5.99231005859375	-4.136342E-4	0.003936655353754759
5.84430859375	0.008605316	0.013236839324235916
5.6963076171875	0.0016729733	0.009765107184648514
5.54830615234375	0.0047724093	0.0015787959564477205
5.4003046875	-0.0039030723	5.585547478403896E-5
5.2523037109375	-0.0024893733	0.0
5.10430224609375	-0.0020141485	0.0
4.95630078125	-0.0032501223	0.0
4.8082998046875	-9.76319E-4	0.0
4.66029833984375	-0.0013834387	0.0
4.512296875	-0.004226474	0.0
4.3642958984375	0.0017364873	0.0
4.21629443359375	0.0077742245	0.0
4.068293212890625	2.0943781E-4	0.0
3.9202919921875	-0.0076963655	0.0
3.77229052734375	-0.0074464157	0.0
3.624289306640625	-0.0040672314	0.0
3.476287841796875	8.122199E-4	0.0
3.32828662109375	-0.004432595	0.0
3.180285400390625	-1.1671593E-4	0.0
3.032283935546875	-0.0028956444	0.0
2.88428271484375	-0.006160007	0.0
2.736281494140625	-0.0024336048	0.0
2.588280029296875	-0.0050340635	0.0
2.44027880859375	3.9853816E-4	0.0
2.292277587890625	5.001625E-4	0.0
2.144276123046875	0.0027389408	0.0
1.99627490234375	-0.0050899247	0.0
1.848273681640625	0.0015663819	0.0
1.7002723388671874	0.006680563	0.0
1.55227099609375	0.0073039443	0.0
1.4042696533203125	-0.0040599857	0.0
1.2562684326171876	-0.0036539608	0.0
1.10826708984375	-6.0617144E-4	0.0
0.9602658081054688	-0.012644172	0.0
0.8122645263671875	-0.003704082	0.0
