10.77287890625	-0.0018099038	0.0
10.6248212890625	0.0021769884	0.0
10.476763671875	0.0081814695	0.0
10.3287060546875	0.010616209	0.0
10.1806484375	0.0017237534	0.0
10.0325908203125	0.0023557243	0.0
9.884533203125	-0.0012171306	0.0
9.7364755859375	-0.0016700256	0.0
9.58841796875	0.0016771692	0.0
9.4403603515625	4.6501769E-4	0.0
9.292302734375	0.0031996206	0.0
9.1442451171875	-0.0027263663	0.0
8.9961875	-0.0019153265	0.0
8.8481298828125	4.1732556E-4	0.0
8.700072265625	0.002078826	0.0
8.5520146484375	0.00153423	0.0
8.40395703125	-0.0041294685	0.0
8.2558994140625	0.0036099928	0.0
8.107841796875	-0.0032880045	0.0
7.9597841796875	-0.0076663047	0.0
7.81172607421875	-0.0013985292	0.0
7.66366845703125	-0.001129932	0.0
7.51561083984375	-0.005774705	0.0
7.36755322265625	-0.00697189	0.0
7.21949560546875	-0.0021668735	0.0
7.07143798828125	0.007753462	0.0
6.92338037109375	0.010145651	0.0
6.77532275390625	0.011441726	0.0
6.62726513671875	2.1286111E-4	0.0
6.47920751953125	-0.0010991025	0.0
6.33114990234375	3.6550214E-4	0.0
6.18309228515625	0.0057828603	8.662480831844732E-5
6.03503466796875	-0.005338328	0.0020667407661676407
5.88697705078125	-4.808409E-4	0.010777384042739868
5.73891943359375	0.010508794	0.012306760996580124
5.59086181640625	0.004666573	0.0030788464937359095
5.44280419921875	0.007527061	1.683605369180441E-4
5.29474658203125	-0.0015158656	0.0
5.14668896484375	-0.008566654	0.0
4.99863134765625	-0.0030911271	0.0
4.85057373046875	-1.1910958E-4	0.0
4.70251611328125	0.0059545618	0.0
4.55445849609375	-0.0014878334	0.0
4.406400390625	-0.003400067	0.0
4.2583427734375	-0.001343278	0.0
4.11028515625	0.002401517	0.0
3.962227783203125	-1.8356348E-4	0.0
3.814170166015625	0.0049868627	0.0
3.666112548828125	0.0050322004	0.0
3.5180546875	-0.006094639	0.0
3.3699970703125	-0.0047344523	0.0
3.221939453125	-9.832991E-5	0.0
3.0738818359375	-0.0029848185	0.0
2.92582421875	0.004529061	0.0
2.7777666015625	9.2507864E-4	0.0
2.629708984375	0.006828492	0.0
2.4816513671875	0.005065575	0.0
2.33359375	0.008688898	0.0
2.1855361328125	-0.0016093362	0.0
2.0374783935546876	-5.169506E-4	0.0
1.8894207763671875	0.0021468464	0.0
1.7413631591796874	-0.0032157165	0.0
1.5933055419921875	-0.0036995201	0.0
1.4452479248046874	-0.005873699	0.0
1.297190185546875	0.0011520253	0.0
1.149132568359375	0.0045338674	0.0
1.001074951171875	-0.0064219553	0.0
0.853017333984375	-0.00603539	0.0
