11.8234345703125	0.00870936	0.0
11.6713955078125	-0.0010437556	0.0
11.5193564453125	0.0010488384	0.0
11.36731640625	-0.004164035	0.0
11.21527734375	0.0016435806	0.0
11.06323828125	-9.939731E-4	0.0
10.91119921875	4.8904057E-4	0.0
10.7591591796875	0.017733088	0.0
10.6071201171875	-0.0015824304	0.0
10.4550810546875	-0.006307579	0.0
10.3030419921875	-1.4546287E-5	0.0
10.151001953125	0.0028642348	0.0
9.998962890625	0.009293353	0.0
9.846923828125	-0.010328144	0.0
9.694884765625	0.0122295	0.0
9.542845703125	2.2418262E-4	0.0
9.3908056640625	-0.0042417375	0.0
9.2387666015625	-0.01848929	0.0
9.0867275390625	-0.008763851	0.0
8.9346884765625	0.0047047012	0.0
8.7826484375	-0.006602538	0.0
8.630609375	-0.0056672324	0.0
8.4785703125	-0.00872693	0.0
8.32653125	0.0037809832	0.0
8.17449169921875	-3.9709505E-4	0.0
8.0224521484375	-4.7379886E-4	0.0
7.8704130859375	0.008200781	0.0
7.7183740234375	0.013244539	0.0
7.56633447265625	-0.0051118154	0.0
7.41429541015625	0.0015451236	0.0
7.262255859375	0.0024987827	0.0
7.110216796875	0.0041761883	0.0
6.95817724609375	-0.0129637625	0.0
6.80613818359375	0.0034181525	0.0
6.6540986328125	0.0046534594	0.0
6.5020595703125	0.003246566	0.0
6.35002001953125	-0.026652357	0.0
6.19798095703125	-0.004075823	1.6879075701581314E-5
6.04594140625	0.008362083	5.025397404097021E-4
5.89390234375	-8.863769E-4	0.0030120485462248325
5.74186328125	-0.0071335617	0.0036364838015288115
5.58982373046875	0.002997629	8.845667471177876E-4
5.43778466796875	0.0066298	4.3316791561665013E-5
5.2857451171875	-0.015079257	0.0
5.1337060546875	0.0065376516	0.0
4.98166650390625	0.004050328	0.0
4.82962744140625	-0.007664833	0.0
4.677587890625	0.005174407	0.0
4.525548828125	5.3617486E-4	0.0
4.37350927734375	-0.0043486864	0.0
4.22147021484375	-0.0050538876	0.0
4.069430908203125	0.011818787	0.0
3.9173916015625	0.0023198188	0.0
3.765352294921875	-0.0065038865	0.0
3.61331298828125	3.5003253E-4	0.0
3.461273681640625	-0.011712079	0.0
3.309234375	0.012114592	0.0
3.157195068359375	0.016348733	0.0
3.00515576171875	-0.0032014193	0.0
2.85311669921875	0.0018915471	0.0
2.701077392578125	-0.012077402	0.0
2.5490380859375	-0.0020299316	0.0
2.396998779296875	0.0052300184	0.0
2.24495947265625	0.002742684	0.0
2.092920166015625	-0.0072572795	0.0
1.940880859375	-0.0016905961	0.0
1.788841552734375	0.0051096748	0.0
1.63680224609375	-0.0065469192	0.0
1.4847630615234375	-0.01364915	0.0
1.3327237548828126	-1.1054265E-5	0.0
1.1806844482421874	0.008360384	0.0
1.0286451416015625	0.0033584014	0.0
0.8766058349609375	0.0055155233	0.0
0.7245665893554688	0.009817869	0.0
0.5725272827148438	-6.456036E-4	0.0
0.42048800659179686	0.006219959	0.0
0.2684486999511719	-0.003755655	0.0
0.11640941619873046	-5.1639654E-4	0.0
-0.03562986755371094	0.008388895	0.0
-0.18766915893554686	-0.010432059	0.0
