10.7591591796875	0.016033191	0.0
10.6071201171875	-0.0034366094	0.0
10.4550810546875	-0.008344308	0.0
10.3030419921875	-0.002232615	0.0
10.151001953125	5.040657E-4	0.0
9.998962890625	0.0068225353	0.0
9.846923828125	-0.012982106	0.0
9.694884765625	0.009291852	0.0
9.542845703125	-0.0029344955	0.0
9.3908056640625	-0.0072233714	0.0
9.2387666015625	-0.020867135	0.0
9.0867275390625	-0.010702296	0.0
8.9346884765625	0.0030801913	0.0
8.7826484375	-0.0079682795	0.0
8.630609375	-0.006910847	0.0
8.4785703125	-0.009856863	0.0
8.32653125	0.0022597946	0.0
8.17449169921875	-0.002606691	0.0
8.0224521484375	-0.0031359002	0.0
7.8704130859375	0.0057859975	0.0
7.7183740234375	0.0113328565	0.0
7.56633447265625	-0.00652581	0.0
7.41429541015625	7.306386E-4	0.0
7.262255859375	0.0021881498	0.0
7.110216796875	0.004341121	0.0
6.95817724609375	-0.01241591	0.0
6.80613818359375	0.003970448	0.0
6.6540986328125	0.0052378504	0.0
6.5020595703125	0.003762947	0.0
6.35002001953125	-0.026549997	0.0
6.19798095703125	-0.0043641985	1.930921098391991E-5
6.04594140625	0.007849673	5.748922121711075E-4
5.89390234375	-0.0011779045	0.003445711685344577
5.74186328125	-0.007281151	0.004160053096711636
5.58982373046875	0.0029970936	0.0010119214421138167
5.43778466796875	0.0067098397	4.955325130140409E-5
5.2857451171875	-0.014627371	0.0
5.1337060546875	0.007498654	0.0
4.98166650390625	0.005219182	0.0
4.82962744140625	-0.0068946565	0.0
4.677587890625	0.005327078	0.0
4.525548828125	2.0153001E-4	0.0
4.37350927734375	-0.004736165	0.0
4.22147021484375	-0.0055376235	0.0
4.069430908203125	0.011039848	0.0
3.9173916015625	0.0012360355	0.0
3.765352294921875	-0.007359418	0.0
3.61331298828125	-4.8127826E-5	0.0
3.461273681640625	-0.0115112085	0.0
3.309234375	0.012528126	0.0
3.157195068359375	0.016739137	0.0
3.00515576171875	-0.002788114	0.0
2.85311669921875	0.0027120016	0.0
2.701077392578125	-0.011195159	0.0
2.5490380859375	-0.0014307676	0.0
2.396998779296875	0.0052781617	0.0
2.24495947265625	0.0025284346	0.0
2.092920166015625	-0.007271685	0.0
1.940880859375	-0.0011916714	0.0
1.788841552734375	0.0055493736	0.0
1.63680224609375	-0.006211685	0.0
1.4847630615234375	-0.013492032	0.0
1.3327237548828126	3.3691784E-4	0.0
1.1806844482421874	0.008909141	0.0
1.0286451416015625	0.0038096397	0.0
0.8766058349609375	0.005948886	0.0
0.7245665893554688	0.010104654	0.0
