#xValues(km/s)	yValues(K)	simulate(Show Plot)	simulate(All Species)
10.725216796875	0.0015396283	0.0	0.0
10.551888671875	0.0022103519	0.0	0.0
10.3785595703125	-5.3746902E-5	0.0	0.0
10.2052314453125	-8.742829E-4	0.0	0.0
10.0319033203125	-0.0012347515	0.0	0.0
9.85857421875	-8.3540124E-4	0.0	0.0
9.68524609375	-4.7500856E-4	0.0	0.0
9.51191796875	3.2085835E-4	0.0	0.0
9.3385888671875	0.0019816868	0.0	0.0
9.1652607421875	0.0012790106	0.0	0.0
8.991931640625	-8.220016E-4	0.0	0.0
8.818603515625	-0.0010450975	0.0	0.0
8.645275390625	-0.0015334557	0.0	0.0
8.4719462890625	0.0010486603	0.0	0.0
8.2986181640625	0.0028027846	0.0	0.0
8.12528955078125	0.0033253778	0.0	0.0
7.9519609375	-6.10673E-4	0.0	0.0
7.7786328125	-3.6289022E-4	0.0	0.0
7.60530419921875	-6.394288E-4	0.0	0.0
7.4319755859375	-0.003478951	0.0	0.0
7.25864697265625	-0.003754573	0.0	0.0
7.08531884765625	-0.0011804677	0.0	0.0
6.911990234375	-0.0014286579	0.0	0.0
6.73866162109375	-0.0025956086	0.0	0.0
6.56533349609375	0.0016392801	0.0	0.0
6.3920048828125	5.945642E-4	0.0	0.0
6.21867626953125	-0.0031208196	1.4539369658450596E-5	0.0
6.04534765625	4.5727007E-4	7.85584095865488E-4	0.0
5.87201953125	0.002569746	0.005285792052745819	0.0
5.69869091796875	0.0016876424	0.004433235619217157	0.0
5.5253623046875	0.001932117	4.6336225932464004E-4	0.0
5.35203369140625	-3.1474238E-4	6.031161319697276E-6	0.0
5.17870556640625	-0.0049717403	0.0	0.0
5.005376953125	-0.003988365	0.0	0.0
4.83204833984375	-4.4740853E-4	0.0	0.0
4.6587197265625	-0.0017100881	0.0	0.0
4.4853916015625	-0.0020078325	0.0	0.0
4.31206298828125	2.917994E-4	0.0	0.0
4.138734375	0.0022299446	0.0	0.0
3.965406005859375	-7.130739E-4	0.0	0.0
3.79207763671875	-0.0037777075	0.0	0.0
3.6187490234375	-5.1681005E-4	0.0	0.0
3.445420654296875	0.0013554828	0.0	0.0
3.272092041015625	-6.45827E-4	0.0	0.0
3.098763671875	-8.358131E-4	0.0	0.0
2.92543505859375	-0.0012507694	0.0	0.0
2.752106689453125	6.5099106E-5	0.0	0.0
2.578778076171875	0.0034737901	0.0	0.0
2.40544970703125	0.0018304203	0.0	0.0
2.23212109375	-8.9630234E-4	0.0	0.0
2.058792724609375	6.545923E-4	0.0	0.0
1.8854642333984375	7.3331484E-4	0.0	0.0
1.7121357421875	1.3774203E-4	0.0	0.0
1.5388072509765625	-4.7118863E-4	0.0	0.0
1.365478759765625	0.0011337379	0.0	0.0
1.1921502685546874	-2.7347545E-4	0.0	0.0
1.01882177734375	-0.0015220573	0.0	0.0
0.8454932861328125	-0.0032050184	0.0	0.0
