10.785193359375	-9.356724E-4	0.0
10.6395205078125	-8.7927975E-4	0.0
10.4938486328125	-0.0028678137	0.0
10.3481767578125	-0.0035492072	0.0
10.2025048828125	-0.0025975164	0.0
10.0568330078125	-2.7576157E-6	0.0
9.9111611328125	6.9066265E-4	0.0
9.7654892578125	-0.0022347323	0.0
9.6198173828125	-0.0029992245	0.0
9.4741455078125	-0.0019370024	0.0
9.3284736328125	7.653248E-4	0.0
9.18280078125	0.007611416	0.0
9.03712890625	0.008142224	0.0
8.89145703125	0.003978654	0.0
8.74578515625	3.5278572E-4	0.0
8.60011328125	-0.0019446785	0.0
8.45444140625	0.0030772088	0.0
8.30876953125	0.0038851516	0.0
8.16309765625	-0.0023166754	0.0
8.01742529296875	-9.5897214E-4	0.0
7.87175341796875	0.0015140786	0.0
7.72608154296875	-0.0011846513	0.0
7.58040966796875	3.687665E-4	0.0
7.43473779296875	0.0054659178	0.0
7.2890654296875	0.005162942	0.0
7.1433935546875	2.9919017E-4	0.0
6.9977216796875	-0.0010494561	0.0
6.8520498046875	3.329943E-4	0.0
6.7063779296875	0.0016416742	0.0
6.56070556640625	7.096312E-4	0.0
6.41503369140625	8.590425E-4	0.0
6.26936181640625	0.0029712855	2.1668099634553073E-6
6.12368994140625	0.0016336845	1.18848322017584E-4
5.97801806640625	0.0017671743	0.0014967971947044134
5.832345703125	0.003149839	0.004328383598476648
5.686673828125	0.0015733643	0.0028762093279510736
5.541001953125	0.0013217	4.3898384319618344E-4
5.395330078125	0.0013290691	1.5382895071525127E-5
5.249658203125	8.4154605E-4	0.0
5.10398583984375	-0.0012345754	0.0
4.95831396484375	-0.0043453923	0.0
4.81264208984375	-0.0036452739	0.0
4.66697021484375	-7.4115764E-5	0.0
4.5212978515625	0.0017768949	0.0
4.3756259765625	0.0024296727	0.0
4.2299541015625	5.667806E-4	0.0
4.0842822265625	-0.0038528924	0.0
3.938610107421875	0.003933999	0.0
3.792938232421875	0.0060518794	0.0
3.647266357421875	7.754566E-5	0.0
3.50159423828125	-0.0021101797	0.0
3.35592236328125	-0.0017426702	0.0
3.210250244140625	-0.0036322966	0.0
3.064578369140625	-0.0027270257	0.0
2.918906494140625	-0.0014117615	0.0
2.773234375	-9.1802113E-4	0.0
2.6275625	-0.001312597	0.0
2.481890380859375	0.0017932815	0.0
2.336218505859375	-2.7292946E-4	0.0
2.190546630859375	-0.002587606	0.0
2.04487451171875	-0.0041262712	0.0
1.8992025146484375	-3.2230726E-4	0.0
1.7535306396484376	-6.101324E-4	0.0
1.607858642578125	-0.0032294097	0.0
1.4621866455078125	-0.0024476766	0.0
1.3165146484375	-0.0032521528	0.0
1.1708426513671875	-0.007868218	0.0
1.0251707763671876	-0.009974863	0.0
0.8794987182617188	-0.005473713	0.0
0.7338267822265625	7.792827E-4	0.0
