#xValues(km/s)	yValues(K)	simulate(Show Plot)	simulate(All Species)
10.8445166015625	-0.0017156536	0.0	0.0
10.6932080078125	-0.011320452	0.0	0.0
10.541900390625	0.0056621134	0.0	0.0
10.390591796875	0.011047724	0.0	0.0
10.239283203125	0.0012639358	0.0	0.0
10.0879755859375	-0.004629504	0.0	0.0
9.9366669921875	0.009165221	0.0	0.0
9.7853583984375	-0.0029234479	0.0	0.0
9.6340498046875	-0.0011471089	0.0	0.0
9.4827421875	-0.016692247	0.0	0.0
9.33143359375	-0.011337323	0.0	0.0
9.180125	0.0033602214	0.0	0.0
9.0288173828125	0.00448866	0.0	0.0
8.8775087890625	0.0021202583	0.0	0.0
8.7262001953125	-0.005214831	0.0	0.0
8.5748916015625	-0.03172919	0.0	0.0
8.423583984375	-0.021068268	0.0	0.0
8.272275390625	-0.011132205	0.0	0.0
8.12096728515625	0.0015837654	0.0	0.0
7.96965869140625	0.016915137	0.0	0.0
7.8183505859375	0.013804242	0.0	0.0
7.6670419921875	0.014485591	0.0	0.0
7.51573388671875	0.013729648	0.0	0.0
7.36442578125	0.013180384	0.0	0.0
7.2131171875	0.012312364	0.0	0.0
7.06180908203125	0.001570168	0.0	0.0
6.91050048828125	-0.009202195	0.0	0.0
6.7591923828125	-0.0041974955	0.0	0.0
6.60788427734375	0.004581217	0.0	0.0
6.45657568359375	0.0017257213	0.0	0.0
6.305267578125	0.0027027784	0.0	0.0
6.153958984375	0.027595945	0.008085094392299652	0.008085094392299652
6.00265087890625	0.08371553	0.13862362504005432	0.13862362504005432
5.85134228515625	0.43798336	0.4228146970272064	0.4228146970272064
5.7000341796875	0.40202597	0.3494555652141571	0.3494555652141571
5.54872607421875	0.05593152	0.06737814098596573	0.06737814098596573
5.39741748046875	-0.0064844526	0.0022662084084004164	0.0022662084084004164
5.246109375	0.00286719	0.0	0.0
5.09480078125	0.0027703568	0.0	0.0
4.94349267578125	0.0018830224	0.0	0.0
4.7921845703125	-0.008632265	0.0	0.0
4.6408759765625	-0.0072513456	0.0	0.0
4.48956787109375	-0.0038742588	0.0	0.0
4.33825927734375	-0.0064155175	0.0	0.0
4.186951171875	-0.0055176113	0.0	0.0
4.035642822265625	0.014000217	0.0	0.0
3.88433447265625	-0.004539097	0.0	0.0
3.733026123046875	-0.005628481	0.0	0.0
3.5817177734375	0.014415702	0.0	0.0
3.43040966796875	0.007809023	0.0	0.0
3.279101318359375	-0.006029433	0.0	0.0
3.12779296875	-0.01177363	0.0	0.0
2.976484619140625	5.748185E-4	0.0	0.0
2.82517626953125	0.004570617	0.0	0.0
2.673867919921875	-0.0058580237	0.0	0.0
2.522559814453125	0.0024859293	0.0	0.0
2.37125146484375	0.004973687	0.0	0.0
2.219943115234375	-0.015772108	0.0	0.0
2.068634765625	-0.0064424993	0.0	0.0
1.917326416015625	0.0037968801	0.0	0.0
1.7660181884765624	0.0027198745	0.0	0.0
1.6147098388671874	0.008532932	0.0	0.0
1.4634014892578124	0.012184672	0.0	0.0
1.31209326171875	-0.014594346	0.0	0.0
1.160784912109375	0.014168425	0.0	0.0
1.0094766235351562	0.016792655	0.0	0.0
0.8581682739257812	0.0046637566	0.0	0.0
