#xValues(km/s)	yValues(K)	simulate(Show Plot)	simulate(All Species)
10.728314453125	-0.0017433385	0.0	0.0
10.5770146484375	2.7404955E-4	0.0	0.0
10.4257138671875	3.7450674E-5	0.0	0.0
10.2744140625	0.0035015221	0.0	0.0
10.1231142578125	0.008237491	0.0	0.0
9.9718134765625	-0.0028001042	0.0	0.0
9.820513671875	-0.0022265285	0.0	0.0
9.669212890625	0.011768684	0.0	0.0
9.5179130859375	-0.012732406	0.0	0.0
9.36661328125	-0.01902189	0.0	0.0
9.2153125	-0.014824291	0.0	0.0
9.0640126953125	-0.019925226	0.0	0.0
8.9127119140625	0.00735201	0.0	0.0
8.761412109375	-0.015286293	0.0	0.0
8.6101123046875	0.0042250026	0.0	0.0
8.4588115234375	-0.012753912	0.0	0.0
8.30751171875	-0.0027049622	0.0	0.0
8.15621142578125	-3.4522745E-4	0.0	0.0
8.0049111328125	0.013376331	0.0	0.0
7.85361083984375	-0.007458258	0.0	0.0
7.702310546875	-0.0015680619	0.0	0.0
7.55101025390625	0.009628154	0.0	0.0
7.39971044921875	-0.013010224	0.0	0.0
7.24841015625	-0.0016745998	0.0	0.0
7.09710986328125	-0.017153421	0.0	0.0
6.9458095703125	-0.008403497	0.0	0.0
6.79450927734375	0.012135498	0.0	0.0
6.64320947265625	-0.0021039369	0.0	0.0
6.4919091796875	-7.994723E-4	0.0	0.0
6.34060888671875	-0.02310195	0.0	0.0
6.18930859375	-0.01611271	5.969483754597604E-4	5.969483754597604E-4
6.03800830078125	0.0042309267	0.01588907279074192	0.01588907279074192
5.88670849609375	0.035685845	0.08386444300413132	0.08386444300413132
5.735408203125	0.018793434	0.09362560510635376	0.09362560510635376
5.58410791015625	0.013993364	0.022419452667236328	0.022419452667236328
5.4328076171875	0.0020956148	0.0010658572427928448	0.0010658572427928448
5.28150732421875	-4.8607486E-4	0.0	0.0
5.13020751953125	0.008641122	0.0	0.0
4.9789072265625	0.001743189	0.0	0.0
4.82760693359375	0.001161453	0.0	0.0
4.676306640625	0.0049700662	0.0	0.0
4.52500634765625	-0.012054927	0.0	0.0
4.37370654296875	-0.02108265	0.0	0.0
4.22240625	-0.006858184	0.0	0.0
4.07110595703125	0.017319512	0.0	0.0
3.9198056640625	-0.0015066706	0.0	0.0
3.768505615234375	-0.0063254144	0.0	0.0
3.617205322265625	-0.008843751	0.0	0.0
3.465905029296875	9.923041E-4	0.0	0.0
3.31460498046875	-0.010299175	0.0	0.0
3.1633046875	-0.005492725	0.0	0.0
3.012004638671875	0.010088461	0.0	0.0
2.860704345703125	0.0018684386	0.0	0.0
2.709404052734375	0.010581429	0.0	0.0
2.55810400390625	0.014482367	0.0	0.0
2.4068037109375	0.012846804	0.0	0.0
2.255503662109375	-3.9643768E-4	0.0	0.0
2.104203369140625	-0.009343808	0.0	0.0
1.9529031982421876	-0.0065189493	0.0	0.0
1.8016029052734375	-0.00826075	0.0	0.0
1.650302734375	-0.004610932	0.0	0.0
1.4990025634765625	-0.0077594696	0.0	0.0
1.347702392578125	-0.007669643	0.0	0.0
1.1964022216796875	-0.0128156375	0.0	0.0
1.0451019287109375	-0.0015074282	0.0	0.0
0.8938017578125	-0.0031666681	0.0	0.0
0.7425015869140625	-0.019249257	0.0	0.0
