#xValues(km/s)	yValues(K)	simulate(Show Plot)	simulate(All Species)
10.7863544921875	-2.3479758E-4	0.0	0.0
10.6350712890625	-4.0968178E-5	0.0	0.0
10.4837880859375	-0.0042962795	0.0	0.0
10.3325048828125	0.0040735113	0.0	0.0
10.1812216796875	0.011836524	0.0	0.0
10.0299384765625	-0.016904008	0.0	0.0
9.8786552734375	-0.0018542211	0.0	0.0
9.727373046875	0.0075484486	0.0	0.0
9.57608984375	8.9269E-4	0.0	0.0
9.424806640625	-0.022840308	0.0	0.0
9.2735234375	0.010598721	0.0	0.0
9.122240234375	0.0012749933	0.0	0.0
8.97095703125	0.0060797236	0.0	0.0
8.819673828125	0.009641572	0.0	0.0
8.6683916015625	-0.0022215634	0.0	0.0
8.5171083984375	-0.02469546	0.0	0.0
8.3658251953125	0.0032941569	0.0	0.0
8.2145419921875	-0.017818082	0.0	0.0
8.0632587890625	-0.0033869823	0.0	0.0
7.9119755859375	0.023253025	0.0	0.0
7.76069287109375	-0.014711635	0.0	0.0
7.60940966796875	1.5219567E-4	0.0	0.0
7.45812646484375	-0.006906388	0.0	0.0
7.30684375	0.008115182	0.0	0.0
7.155560546875	0.018312544	0.0	0.0
7.00427734375	-0.0035473024	0.0	0.0
6.852994140625	-0.0086883595	0.0	0.0
6.70171142578125	0.011995928	0.0	0.0
6.55042822265625	0.008940922	0.0	0.0
6.39914501953125	-0.0014798202	0.0	0.0
6.2478623046875	0.0077498495	1.0455034498590976E-5	1.0455034498590976E-5
6.0965791015625	-0.00968441	5.183963221497834E-4	5.183963221497834E-4
5.9452958984375	0.0022404243	0.005246717482805252	0.005246717482805252
5.7940126953125	-0.017819311	0.010859272442758083	0.010859272442758083
5.64272998046875	-0.008536293	0.004629048053175211	0.004629048053175211
5.49144677734375	-2.5514638E-4	4.0327737224288285E-4	4.0327737224288285E-4
5.34016357421875	-0.0041851765	7.172937785071554E-6	7.172937785071554E-6
5.188880859375	-0.00754143	0.0	0.0
5.03759765625	0.009477543	0.0	0.0
4.886314453125	0.006550741	0.0	0.0
4.73503125	0.005598148	0.0	0.0
4.58374853515625	-8.223989E-4	0.0	0.0
4.43246533203125	-0.009870905	0.0	0.0
4.28118212890625	0.011637904	0.0	0.0
4.1298994140625	0.0122187	0.0	0.0
3.9786162109375	-6.5713655E-4	0.0	0.0
3.8273330078125	-0.010084393	0.0	0.0
3.676050048828125	0.020222964	0.0	0.0
3.524766845703125	0.0023599728	0.0	0.0
3.37348388671875	-0.01106034	0.0	0.0
3.222200927734375	4.2104366E-4	0.0	0.0
3.070917724609375	-8.259709E-4	0.0	0.0
2.919634765625	-0.014863202	0.0	0.0
2.7683515625	0.013528008	0.0	0.0
2.617068603515625	-1.9607766E-4	0.0	0.0
2.465785400390625	0.0156206265	0.0	0.0
2.31450244140625	-0.0014966314	0.0	0.0
2.163219482421875	-7.2301057E-4	0.0	0.0
2.011936279296875	-0.0010150358	0.0	0.0
1.8606531982421874	-0.0039557447	0.0	0.0
1.7093701171875	0.0018328268	0.0	0.0
1.558087158203125	0.0029957728	0.0	0.0
1.4068040771484376	0.0060999654	0.0	0.0
1.25552099609375	-0.003811182	0.0	0.0
1.1042379150390624	0.005227351	0.0	0.0
0.952954833984375	0.006623187	0.0	0.0
0.8016718139648438	0.002633083	0.0	0.0
