10.831982421875	0.007366928	0.0
10.659033203125	0.0029037462	0.0
10.486083984375	-0.004243359	0.0
10.313134765625	-0.002406235	0.0
10.140185546875	-0.002075708	0.0
9.967236328125	-0.0013104462	0.0
9.794287109375	5.941562E-4	0.0
9.621337890625	-0.0021824872	0.0
9.4483896484375	-0.002333908	0.0
9.2754404296875	1.0504763E-4	0.0
9.1024912109375	0.0013018284	0.0
8.9295419921875	0.0013426258	0.0
8.7565927734375	-5.372396E-4	0.0
8.5836435546875	0.0010597124	0.0
8.4106943359375	0.001481438	0.0
8.2377451171875	0.0011928657	0.0
8.0647958984375	-9.495718E-4	0.0
7.89184716796875	0.0015253313	0.0
7.71889794921875	0.0011453506	0.0
7.54594873046875	-0.0021661953	0.0
7.37299951171875	-0.0014785832	0.0
7.20005029296875	0.001685277	0.0
7.0271015625	7.184682E-4	0.0
6.85415234375	-0.0013707711	0.0
6.681203125	-0.005277229	0.0
6.50825390625	-0.004367199	0.0
6.3353046875	-0.001493599	0.0
6.16235546875	0.0017452401	5.452626646729186E-5
5.98940673828125	0.0040902863	0.0014897764194756746
5.81645751953125	3.113954E-5	0.005115782842040062
5.64350830078125	4.1283792E-4	0.002210429636761546
5.47055908203125	0.0010963228	1.2005797907477245E-4
5.29760986328125	0.0012707447	0.0
5.12466064453125	-0.0010438298	0.0
4.9517119140625	-0.0013809287	0.0
4.7787626953125	-3.8392856E-4	0.0
4.6058134765625	5.688774E-4	0.0
4.4328642578125	4.4672922E-4	0.0
4.2599150390625	-8.848674E-4	0.0
4.086966064453125	-0.0029375406	0.0
3.914016845703125	-0.00416717	0.0
3.741067626953125	-0.0023679389	0.0
3.56811865234375	8.615974E-4	0.0
3.39516943359375	0.004830525	0.0
3.22222021484375	0.0031893966	0.0
3.049271240234375	7.9706684E-4	0.0
2.876322021484375	0.0026224116	0.0
2.703372802734375	0.0021730154	0.0
2.530423828125	-0.0015953812	0.0
2.357474609375	-0.0025523836	0.0
2.184525390625	-0.0035585659	0.0
2.011576416015625	-2.7276488E-4	0.0
1.838627197265625	0.0022744252	0.0
1.6656781005859376	0.0016608443	0.0
1.49272900390625	8.957855E-5	0.0
1.31977978515625	2.2036355E-4	0.0
1.1468306884765624	0.0015505428	0.0
0.9738815307617188	4.226482E-4	0.0
0.8009324340820313	-0.0022767652	0.0
