11.37729296875	0.001096175	0.0
11.2043486328125	0.0043334663	0.0
11.031404296875	0.0036389134	0.0
10.8584609375	-4.58268E-4	0.0
10.6855166015625	-0.005532472	0.0
10.512572265625	-0.0030282296	0.0
10.3396279296875	0.0016037431	0.0
10.16668359375	0.001804415	0.0
9.9937392578125	0.0019967537	0.0
9.820794921875	-3.7766446E-4	0.0
9.6478505859375	8.1792194E-4	0.0
9.47490625	-3.79728E-4	0.0
9.301962890625	-0.005043707	0.0
9.1290185546875	-0.005163318	0.0
8.95607421875	0.0017015813	0.0
8.7831298828125	6.418968E-4	0.0
8.610185546875	-1.5631675E-5	0.0
8.4372412109375	-0.0031224655	0.0
8.264296875	-0.0057400074	0.0
8.09135302734375	-0.00645545	0.0
7.91840869140625	0.002238164	0.0
7.74546435546875	0.006161919	0.0
7.57252001953125	0.0041929423	0.0
7.39957568359375	0.0013883894	0.0
7.2266318359375	-1.9559152E-4	0.0
7.0536875	-0.003860474	0.0
6.8807431640625	-0.002846857	0.0
6.707798828125	-0.0016516208	0.0
6.5348544921875	0.0020213963	0.0
6.36191064453125	0.0014115917	0.0
6.18896630859375	5.284004E-4	2.4935861802077852E-5
6.01602197265625	-0.0023194128	9.373507346026599E-4
5.84307763671875	-0.0022146357	0.004428546410053968
5.6701337890625	-0.0026326748	0.002632793039083481
5.497189453125	-0.0026147394	1.9681818957906216E-4
5.3242451171875	8.909967E-4	1.8493113884687773E-6
5.15130078125	0.0040386673	0.0
4.9783564453125	0.009211334	0.0
4.80541259765625	0.003852764	0.0
4.63246826171875	-0.0019886084	0.0
4.45952392578125	0.0042159418	0.0
4.28657958984375	0.005402788	0.0
4.11363525390625	0.0036947164	0.0
3.940691162109375	-0.0039355983	0.0
3.7677470703125	-0.009098405	0.0
3.594802734375	-0.00888171	0.0
3.421858642578125	-0.0082904855	0.0
3.248914306640625	-0.00640698	0.0
3.075969970703125	-5.75273E-4	0.0
2.90302587890625	-2.864512E-4	0.0
2.73008154296875	-3.1345982E-5	0.0
2.557137451171875	6.463409E-4	0.0
2.384193115234375	0.004728719	0.0
2.2112490234375	0.004210632	0.0
2.0383046875	0.0030475	0.0
1.8653604736328124	0.0022998871	0.0
1.692416259765625	0.0014681204	0.0
1.519471923828125	-0.003105583	0.0
1.3465277099609374	-0.0027398083	0.0
1.17358349609375	-2.4204249E-4	0.0
1.0006392822265624	-0.0011212963	0.0
0.827695068359375	0.0017530406	0.0
0.6547507934570312	0.0010572677	0.0
0.48180657958984374	-0.0014797653	0.0
0.30886236572265624	-0.0032287072	0.0
