11.3054345703125	0.06044293	0.0
11.205876953125	-8.339661E-4	0.0
11.1063193359375	0.02345115	0.0
11.00676171875	0.0013899374	0.0
10.9072041015625	-0.024937334	0.0
10.807646484375	-0.062176317	0.0
10.7080888671875	-0.042846695	0.0
10.60853125	-0.061333522	0.0
10.5089736328125	0.02526474	0.0
10.409416015625	0.041584842	0.0
10.3098583984375	0.04021113	0.0
10.21030078125	0.07082506	0.0
10.1107431640625	-0.026479552	0.0
10.011185546875	-0.0012733609	0.0
9.9116279296875	0.03651562	0.0
9.8120703125	-0.06526131	0.0
9.7125126953125	-0.009718503	0.0
9.612955078125	0.0015962449	0.0
9.5133974609375	0.02160823	0.0
9.41383984375	-0.00875238	0.0
9.3142822265625	-0.05994884	0.0
9.214724609375	0.010859856	0.0
9.1151669921875	0.024873607	0.0
9.015609375	0.0161774	0.0
8.9160517578125	0.023866892	0.0
8.816494140625	-0.01967146	0.0
8.7169365234375	-0.02194472	0.0
8.61737890625	-0.030024616	0.0
8.5178212890625	-0.022893315	0.0
8.4182646484375	-0.040331956	0.0
8.31870703125	-0.03350071	0.0
8.2191494140625	-0.043720033	0.0
8.11959130859375	-5.0429365E-4	0.0
8.02003369140625	-5.383115E-4	0.0
7.92047607421875	0.017632421	0.0
7.82091845703125	0.053888146	0.0
7.72136083984375	0.04181748	0.0
7.62180322265625	0.07753193	6.056013717170572E-6
7.52224560546875	0.016459739	6.69965666020289E-5
7.4226884765625	0.011230991	3.727971052285284E-4
7.323130859375	0.038100142	0.0010433743009343743
7.2235732421875	-0.0025389502	0.0014689282979816198
7.124015625	-0.026993668	0.001040404080413282
7.0244580078125	-0.022849737	3.7067741504870355E-4
6.924900390625	-0.08055552	6.642597872996703E-5
6.8253427734375	-0.032416634	5.987395525153261E-6
6.72578515625	0.017361956	0.0
6.6262275390625	-0.024324846	0.0
6.526669921875	-0.029649906	0.0
6.4271123046875	-0.045681965	0.0
6.3275546875	0.06102004	0.0
6.2279970703125	0.07592028	6.846046744612977E-6
6.128439453125	0.028901953	9.314822091255337E-5
6.0288818359375	0.027998379	6.37437857221812E-4
5.92932421875	-6.532025E-5	0.0021937803830951452
5.8297666015625	3.9187467E-4	0.0037976480089128017
5.730208984375	-0.010868733	0.0033079911954700947
5.6306513671875	0.020683654	0.0014497258234769106
5.53109375	0.019152775	3.1953779398463666E-4
5.43153662109375	0.013681652	3.5421202483121306E-5
5.33197900390625	-0.01112904	1.97491203834943E-6
5.23242138671875	0.0489535	0.0
5.13286376953125	0.0049688052	0.0
5.03330615234375	2.134987E-4	0.0
4.93374853515625	-0.02915418	0.0
4.83419091796875	-3.701512E-4	1.0270658776789787E-6
4.73463330078125	0.014186442	1.7169608327094465E-5
4.63507568359375	-0.018942432	1.4437314530368894E-4
4.53551806640625	-0.035619237	6.106063374318182E-4
4.43596044921875	-0.009039055	0.0012989362003281713
4.33640283203125	-0.014223362	0.0013900547055527568
4.23684521484375	-0.094704606	7.483480731025338E-4
4.13728759765625	-0.010010956	2.0264711929485202E-4
4.03772998046875	-0.023876423	2.7600461180554703E-5
3.938172607421875	0.0025813389	1.890848807306611E-6
3.838614990234375	0.059402794	0.0
3.739057373046875	-0.0067707305	0.0
3.639499755859375	0.012713037	0.0
3.539942138671875	0.067268126	0.0
3.440384521484375	0.030058784	0.0
3.340826904296875	0.024347223	0.0
3.241269287109375	-0.024238868	0.0
3.141711669921875	-0.02324957	0.0
3.042154052734375	-0.009530398	0.0
2.9425966796875	0.02759922	0.0
2.8430390625	0.026742734	0.0
2.7434814453125	0.046374932	0.0
2.643923828125	-0.0017050683	0.0
2.5443662109375	0.0044344547	0.0
2.44480859375	-0.016920125	0.0
2.3452509765625	-0.0055323704	0.0
2.245693359375	0.02643395	0.0
2.1461357421875	0.009122596	0.0
2.0465782470703124	-0.002448601	0.0
1.9470206298828125	-0.0026804523	0.0
1.8474630126953124	-0.04988864	0.0
1.747905517578125	-0.0012928372	0.0
1.648347900390625	0.012443779	0.0
1.548790283203125	0.056185514	0.0
1.449232666015625	0.032204803	0.0
1.349675048828125	-0.049731538	0.0
1.2501175537109375	-0.030378915	0.0
1.1505599365234376	0.04667643	0.0
1.0510023193359375	-0.018638397	0.0
0.9514447021484375	0.014867604	0.0
0.8518871459960937	-0.0035279114	0.0
0.7523295288085937	-0.001637098	0.0
0.65277197265625	-0.006052451	0.0
0.55321435546875	0.023659816	0.0
0.4536567687988281	0.01786608	0.0
0.35409918212890623	0.002720856	0.0
0.2545415802001953	0.012458039	0.0
