10.8584609375	-0.0025523836	0.0
10.6855166015625	-0.0035585659	0.0
10.512572265625	-2.7276488E-4	0.0
10.3396279296875	0.0022744252	0.0
10.16668359375	0.0016608443	0.0
9.9937392578125	8.957855E-5	0.0
9.820794921875	2.2036355E-4	0.0
9.6478505859375	0.0015505428	0.0
9.47490625	4.226482E-4	0.0
9.301962890625	-0.0022767652	0.0
9.1290185546875	-0.0024707401	0.0
8.95607421875	0.0017714108	0.0
8.7831298828125	1.8214647E-4	0.0
8.610185546875	-0.0010907472	0.0
8.4372412109375	-0.0025245047	0.0
8.264296875	-0.0031555556	0.0
8.09135302734375	-0.0032021075	0.0
7.91840869140625	0.0022184744	0.0
7.74546435546875	0.004796822	0.0
7.57252001953125	0.0031023433	0.0
7.39957568359375	7.3252124E-4	0.0
7.2266318359375	5.648243E-4	0.0
7.0536875	-0.0016017389	0.0
6.8807431640625	-0.0019631225	0.0
6.707798828125	-4.4275876E-4	0.0
6.5348544921875	0.002129296	0.0
6.36191064453125	0.0024137783	0.0
6.18896630859375	0.0017686585	1.705016074993182E-5
6.01602197265625	-0.0020797625	6.409594207070768E-4
5.84307763671875	-0.0013732936	0.003028884530067444
5.6701337890625	-6.625152E-4	0.0018004884477704763
5.497189453125	-4.6619918E-4	1.3457794557325542E-4
5.3242451171875	0.0014049713	1.2644845810427796E-6
5.15130078125	0.004581026	0.0
4.9783564453125	0.009267408	0.0
4.80541259765625	0.0044173654	0.0
4.63246826171875	3.5449804E-4	0.0
4.45952392578125	0.0057299393	0.0
4.28657958984375	0.0064741895	0.0
4.11363525390625	0.007113467	0.0
3.940691162109375	6.0686655E-4	0.0
3.7677470703125	-0.0047029844	0.0
3.594802734375	-0.004165574	0.0
3.421858642578125	-0.0024670777	0.0
3.248914306640625	-0.0032894854	0.0
3.075969970703125	-2.5880226E-4	0.0
2.90302587890625	0.0014583973	0.0
2.73008154296875	0.0019716166	0.0
2.557137451171875	0.0014839371	0.0
2.384193115234375	0.004647403	0.0
2.2112490234375	0.0050103404	0.0
2.0383046875	0.0048278533	0.0
1.8653604736328124	0.003730636	0.0
1.692416259765625	9.145241E-4	0.0
1.519471923828125	-5.913016E-4	0.0
1.3465277099609374	0.0011098818	0.0
1.17358349609375	0.0011020264	0.0
1.0006392822265624	3.5368247E-4	0.0
0.827695068359375	0.0019207917	0.0
