10.807646484375	-0.057154786	0.0
10.7080888671875	-0.036711898	0.0
10.60853125	-0.055992197	0.0
10.5089736328125	0.029812977	0.0
10.409416015625	0.045320388	0.0
10.3098583984375	0.042594578	0.0
10.21030078125	0.07234878	0.0
10.1107431640625	-0.02587759	0.0
10.011185546875	-0.0017391581	0.0
9.9116279296875	0.036353428	0.0
9.8120703125	-0.065423384	0.0
9.7125126953125	-0.009885842	0.0
9.612955078125	8.951975E-5	0.0
9.5133974609375	0.018010678	0.0
9.41383984375	-0.014438975	0.0
9.3142822265625	-0.067073725	0.0
9.214724609375	0.0022969646	0.0
9.1151669921875	0.014894115	0.0
9.015609375	0.006238154	0.0
8.9160517578125	0.015281582	0.0
8.816494140625	-0.026248138	0.0
8.7169365234375	-0.026336981	0.0
8.61737890625	-0.032422394	0.0
8.5178212890625	-0.023136891	0.0
8.4182646484375	-0.038598772	0.0
8.31870703125	-0.03201317	0.0
8.2191494140625	-0.042619135	0.0
8.11959130859375	-0.0013202714	0.0
8.02003369140625	-0.0019148139	0.0
7.92047607421875	0.014882031	0.0
7.82091845703125	0.049360573	0.0
7.72136083984375	0.035467707	0.0
7.62180322265625	0.07006303	4.884611371380743E-6
7.52224560546875	0.008586839	5.4037736845202744E-5
7.4226884765625	0.0055875406	3.006936749443412E-4
7.323130859375	0.033540905	8.416035561822355E-4
7.2235732421875	-0.005671357	0.0011848899303004146
7.124015625	-0.02761201	8.392076706513762E-4
7.0244580078125	-0.022133421	2.989839413203299E-4
6.924900390625	-0.07838252	5.357751433621161E-5
6.8253427734375	-0.029312402	4.8292663450411055E-6
6.72578515625	0.02146879	0.0
6.6262275390625	-0.019136732	0.0
6.526669921875	-0.023520688	0.0
6.4271123046875	-0.039654545	0.0
6.3275546875	0.06832039	0.0
6.2279970703125	0.08446914	5.521803814190207E-6
6.128439453125	0.0388043	7.513074524467811E-5
6.0288818359375	0.037966043	5.141546134836972E-4
5.92932421875	0.009641645	0.001769642112776637
5.8297666015625	0.010099104	0.003063688287511468
5.730208984375	-0.0012535665	0.0026685954071581364
5.6306513671875	0.03003755	0.0011693937703967094
5.53109375	0.028168947	2.5773339439183474E-4
5.43153662109375	0.021011718	2.856966239050962E-5
5.33197900390625	-0.006057278	1.592901071489905E-6
5.23242138671875	0.0518446	0.0
5.13286376953125	0.0056945584	0.0
5.03330615234375	-0.0015306332	0.0
4.93374853515625	-0.033406142	0.0
4.83419091796875	-0.007088785	8.283944339382288E-7
4.73463330078125	0.0059006666	1.3848401977156755E-5
4.63507568359375	-0.028050136	1.1644709593383595E-4
4.53551806640625	-0.045809753	4.925093380734324E-4
4.43596044921875	-0.020219669	0.0010477486066520214
4.33640283203125	-0.026292803	0.0011212521931156516
4.23684521484375	-0.108154364	6.036150152795017E-4
4.13728759765625	-0.024220603	1.6344967298209667E-4
4.03772998046875	-0.038444865	2.2261574486037716E-5
3.938172607421875	-0.011932712	1.525090965515119E-6
3.838614990234375	0.046743616	0.0
3.739057373046875	-0.017384911	0.0
3.639499755859375	0.0050308937	0.0
3.539942138671875	0.062348187	0.0
3.440384521484375	0.02815164	0.0
3.340826904296875	0.02491037	0.0
3.241269287109375	-0.021203903	0.0
3.141711669921875	-0.019559195	0.0
3.042154052734375	-0.005138298	0.0
2.9425966796875	0.032357424	0.0
2.8430390625	0.032497894	0.0
2.7434814453125	0.0524318	0.0
2.643923828125	0.0033799023	0.0
2.5443662109375	0.008518104	0.0
2.44480859375	-0.01380006	0.0
2.3452509765625	-0.003336979	0.0
2.245693359375	0.028631143	0.0
2.1461357421875	0.00980048	0.0
2.0465782470703124	-0.0028641485	0.0
1.9470206298828125	-0.0033570875	0.0
1.8474630126953124	-0.050626997	0.0
1.747905517578125	-0.0020343026	0.0
1.648347900390625	0.01180897	0.0
1.548790283203125	0.055099502	0.0
1.449232666015625	0.031556197	0.0
1.349675048828125	-0.050516788	0.0
1.2501175537109375	-0.030934004	0.0
1.1505599365234376	0.04634397	0.0
1.0510023193359375	-0.018159846	0.0
0.9514447021484375	0.016186545	0.0
0.8518871459960937	-0.002208605	0.0
0.7523295288085937	-0.0011559263	0.0
