11.2507353515625	9.1779785E-4	0.0
11.068990234375	-0.012693193	0.0
10.88724609375	-6.8944396E-4	0.0
10.7055009765625	0.0046006986	0.0
10.5237568359375	0.012609316	0.0
10.34201171875	0.0020076951	0.0
10.160267578125	-0.005758057	0.0
9.9785224609375	6.2589505E-4	0.0
9.7967783203125	-6.4039935E-4	0.0
9.6150341796875	-0.0035251067	0.0
9.4332890625	0.00404971	0.0
9.251544921875	0.009311747	0.0
9.0697998046875	-0.0056154234	0.0
8.8880556640625	0.003218735	0.0
8.706310546875	0.003959876	0.0
8.52456640625	-0.011916369	0.0
8.3428212890625	5.7790434E-4	0.0
8.16107666015625	0.010839819	0.0
7.97933203125	-0.007133914	0.0
7.79758740234375	-0.0111758625	0.0
7.6158427734375	-0.0013073683	0.0
7.43409814453125	0.0011510964	0.0
7.252353515625	0.013296295	0.0
7.07060888671875	0.0038423364	0.0
6.8888642578125	0.0051308908	0.0
6.70711962890625	0.008529797	0.0
6.525375	-0.006976037	0.0
6.34363037109375	0.0054399003	0.0
6.1618857421875	-0.006027567	4.047269976581447E-5
5.98014111328125	-0.017675966	0.0012305744457989931
5.798396484375	-0.0014879702	0.003788188099861145
5.61665185546875	-0.024396803	0.0011818454368039966
5.4349072265625	-0.007025188	3.7330330087570474E-5
5.25316259765625	0.007759637	0.0
5.07141796875	0.01281941	0.0
4.88967333984375	0.007964915	0.0
4.7079287109375	-0.0041718157	0.0
4.5261845703125	0.005703768	0.0
4.34443994140625	0.006298959	0.0
4.1626953125	-0.0016822317	0.0
3.980950439453125	0.008804095	0.0
3.799205810546875	0.0049838573	0.0
3.617461181640625	-0.013765435	0.0
3.435716552734375	0.011906606	0.0
3.253971923828125	-0.022524811	0.0
3.072227294921875	-0.018031908	0.0
2.890482666015625	0.015468561	0.0
2.708738037109375	-0.0183913	0.0
2.526993408203125	0.0071179285	0.0
2.345248779296875	0.0011536999	0.0
2.163504150390625	-0.02310266	0.0
1.9817596435546876	-0.004908887	0.0
1.8000150146484375	-0.011675784	0.0
1.6182703857421874	-0.004768794	0.0
1.4365257568359375	0.025884867	0.0
1.2547811279296874	0.008080543	0.0
1.0730364990234376	-0.00848	0.0
0.8912919311523437	0.002543165	0.0
0.7095473022460937	0.0032793523	0.0
0.5278026733398438	0.0054918295	0.0
0.34605807495117186	-0.0069129714	0.0
