10.88724609375	-7.2941836E-4	0.0
10.7055009765625	0.0047165286	0.0
10.5237568359375	0.012760887	0.0
10.34201171875	0.002292363	0.0
10.160267578125	-0.005509062	0.0
9.9785224609375	9.2615536E-4	0.0
9.7967783203125	-2.0664852E-4	0.0
9.6150341796875	-0.0030548542	0.0
9.4332890625	0.0046311626	0.0
9.251544921875	0.01039244	0.0
9.0697998046875	-0.0041327314	0.0
8.8880556640625	0.005159541	0.0
8.706310546875	0.006212817	0.0
8.52456640625	-0.0094718635	0.0
8.3428212890625	0.003080659	0.0
8.16107666015625	0.013208623	0.0
7.97933203125	-0.005296793	0.0
7.79758740234375	-0.00980906	0.0
7.6158427734375	-2.5468218E-4	0.0
7.43409814453125	0.0019694343	0.0
7.252353515625	0.014311791	0.0
7.07060888671875	0.005437276	0.0
6.8888642578125	0.007434349	0.0
6.70711962890625	0.01138564	0.0
6.525375	-0.0035335573	0.0
6.34363037109375	0.009258653	0.0
6.1618857421875	-0.0013163468	3.051858948310837E-5
5.98014111328125	-0.012345489	9.279762161895633E-4
5.798396484375	0.004128937	0.0028570503927767277
5.61665185546875	-0.018888924	8.912275079637766E-4
5.4349072265625	-0.0016262473	2.8149068384664133E-5
5.25316259765625	0.012985812	0.0
5.07141796875	0.017771851	0.0
4.88967333984375	0.012215112	0.0
4.7079287109375	-9.5095565E-5	0.0
4.5261845703125	0.009607754	0.0
4.34443994140625	0.010171551	0.0
4.1626953125	0.002157795	0.0
3.980950439453125	0.012596876	0.0
3.799205810546875	0.008680561	0.0
3.617461181640625	-0.010215467	0.0
3.435716552734375	0.0144591825	0.0
3.253971923828125	-0.020655993	0.0
3.072227294921875	-0.016885947	0.0
2.890482666015625	0.015956087	0.0
2.708738037109375	-0.018464316	0.0
2.526993408203125	0.0061322926	0.0
2.345248779296875	-7.157371E-4	0.0
2.163504150390625	-0.02504963	0.0
1.9817596435546876	-0.007375841	0.0
1.8000150146484375	-0.014570581	0.0
1.6182703857421874	-0.0074058846	0.0
1.4365257568359375	0.023548938	0.0
1.2547811279296874	0.0064053833	0.0
1.0730364990234376	-0.0100368345	0.0
0.8912919311523437	0.00141026	0.0
0.7095473022460937	0.0027442297	0.0
