11.31229296875	0.0020214724	0.0
11.156341796875	-0.0065928604	0.0
11.0003916015625	0.0015038227	0.0
10.8444404296875	-0.003640102	0.0
10.688490234375	-0.010881237	0.0
10.5325390625	-0.005048698	0.0
10.3765888671875	0.0089129405	0.0
10.220638671875	0.0028390926	0.0
10.0646875	0.004729996	0.0
9.9087373046875	-0.0016265812	0.0
9.7527861328125	-0.008453996	0.0
9.5968359375	0.0014461683	0.0
9.440884765625	6.691514E-4	0.0
9.2849345703125	-0.0043325936	0.0
9.128984375	-0.011217741	0.0
8.973033203125	-0.0010287302	0.0
8.8170830078125	-0.0015803658	0.0
8.6611318359375	0.0037091854	0.0
8.505181640625	-0.0036432012	0.0
8.34923046875	0.0014201257	0.0
8.1932802734375	0.002730333	0.0
8.03732958984375	0.0019675188	0.0
7.88137890625	6.648688E-5	0.0
7.72542822265625	-0.009884476	0.0
7.56947802734375	-2.0981656E-4	0.0
7.41352734375	0.0042471	0.0
7.25757666015625	-4.7683239E-4	0.0
7.1016259765625	0.008027306	0.0
6.94567529296875	0.008199383	0.0
6.789724609375	-2.3264E-4	0.0
6.63377392578125	-0.012256797	0.0
6.4778232421875	-0.0038042073	0.0
6.321873046875	0.0010080292	0.0
6.16592236328125	0.0016302087	3.522518090903759E-5
6.0099716796875	-5.781356E-4	7.922450313344598E-4
5.85402099609375	-0.0022585602	0.0032997482921928167
5.6980703125	-5.705291E-4	0.0025471418630331755
5.54211962890625	0.009436408	3.6429546889849007E-4
5.3861689453125	0.004391883	9.64846185524948E-6
5.23021875	-1.6681357E-5	0.0
5.07426806640625	-0.0034833802	0.0
4.9183173828125	0.003932303	0.0
4.76236669921875	0.009393465	0.0
4.606416015625	-0.0018011258	0.0
4.45046533203125	-0.0062998086	0.0
4.2945146484375	-0.0051385504	0.0
4.138564453125	-0.0033642207	0.0
3.982613525390625	7.3620665E-4	0.0
3.8266630859375	-0.0024115676	0.0
3.67071240234375	0.0033655067	0.0
3.51476171875	0.008692547	0.0
3.35881103515625	-0.0011683074	0.0
3.202860595703125	0.0022902312	0.0
3.046909912109375	0.0049772426	0.0
2.890959228515625	0.005524759	0.0
2.7350087890625	0.007859697	0.0
2.57905810546875	0.004931349	0.0
2.423107421875	0.008054889	0.0
2.26715673828125	-0.0017616384	0.0
2.111206298828125	-0.009375642	0.0
1.955255615234375	-0.007802274	0.0
1.799304931640625	-0.013192007	0.0
1.6433543701171875	-0.013856044	0.0
1.48740380859375	-0.0012042534	0.0
1.331453125	0.011513858	0.0
1.1755025634765626	0.006155665	0.0
1.0195518798828125	1.9071164E-4	0.0
0.8636012573242188	0.009082948	0.0
0.7076506958007812	0.0058317697	0.0
0.5517000732421875	0.0070089	0.0
0.39574945068359374	-0.0017533367	0.0
0.23979881286621094	-0.003390667	0.0
