10.832935546875	-0.0026788134	0.0
10.6817998046875	-0.0036802536	0.0
10.5306640625	0.001396412	0.0
10.3795283203125	7.1312235E-5	0.0
10.228392578125	0.0012570933	0.0
10.0772568359375	0.010644408	0.0
9.92612109375	0.005507229	0.0
9.7749853515625	-0.003958754	0.0
9.623849609375	-0.0016155951	0.0
9.4727138671875	-0.0029603252	0.0
9.321578125	-0.0011062843	0.0
9.1704423828125	-0.010196708	0.0
9.019306640625	-0.0131512005	0.0
8.8681708984375	-0.0054808813	0.0
8.71703515625	-0.0057402495	0.0
8.565900390625	-0.005533749	0.0
8.4147646484375	0.0066342307	0.0
8.26362890625	0.0042194803	0.0
8.11249267578125	0.0013562163	0.0
7.96135693359375	-0.008518091	0.0
7.8102216796875	-0.009663167	0.0
7.6590859375	-7.9716725E-4	0.0
7.5079501953125	0.0031164594	0.0
7.356814453125	-0.0055815075	0.0
7.2056787109375	0.0034464838	0.0
7.05454296875	0.01084674	0.0
6.9034072265625	0.004081235	0.0
6.752271484375	-3.403489E-4	0.0
6.6011357421875	0.004764185	0.0
6.45000048828125	0.0012127985	0.0
6.29886474609375	0.0024428212	0.0
6.14772900390625	0.0024325615	4.146956780459732E-5
5.99659326171875	0.0048361877	7.180760730989277E-4
5.84545751953125	0.004988824	0.002551476703956723
5.69432177734375	0.0029683579	0.0018612827407196164
5.54318603515625	-0.0040250006	2.787005214486271E-4
5.39205029296875	-0.0018739715	8.56314909469802E-6
5.24091455078125	-0.00701419	0.0
5.089779296875	-0.008961922	0.0
4.9386435546875	-0.011895769	0.0
4.7875078125	-0.0055102105	0.0
4.6363720703125	-0.0017364842	0.0
4.485236328125	-8.603182E-4	0.0
4.3341005859375	9.6603896E-4	0.0
4.18296484375	0.0011692988	0.0
4.031829345703125	0.005469535	0.0
3.880693603515625	0.0033751505	0.0
3.729557861328125	0.003126885	0.0
3.578422119140625	-0.005975376	0.0
3.42728662109375	-5.6613144E-4	0.0
3.27615087890625	-0.0031259921	0.0
3.12501513671875	-0.0063240635	0.0
2.97387939453125	-0.009199458	0.0
2.822743896484375	-0.0051353867	0.0
2.671608154296875	0.014454927	0.0
2.520472412109375	3.4163758E-4	0.0
2.369336669921875	0.001147404	0.0
2.218200927734375	-4.185564E-4	0.0
2.0670654296875	-0.004977942	0.0
1.9159296875	-2.5142194E-4	0.0
1.7647939453125	-0.010027979	0.0
1.6136583251953125	-0.004106628	0.0
1.4625225830078126	-0.002210971	0.0
1.3113868408203124	-0.004490851	0.0
1.160251220703125	-0.006130762	0.0
1.0091155395507811	-0.01047048	0.0
0.8579798583984375	-0.0021387844	0.0
