10.8444404296875	-2.6070818E-4	0.0
10.688490234375	-0.010492697	0.0
10.5325390625	-0.013766939	0.0
10.3765888671875	0.00434802	0.0
10.220638671875	0.0027922783	0.0
10.0646875	-0.003588953	0.0
9.9087373046875	0.0014568311	0.0
9.7527861328125	0.0050129155	0.0
9.5968359375	0.00415095	0.0
9.440884765625	-8.27133E-4	0.0
9.2849345703125	0.0023086634	0.0
9.128984375	-0.0028064656	0.0
8.973033203125	-0.005559721	0.0
8.8170830078125	-8.1247286E-5	0.0
8.6611318359375	0.0075737117	0.0
8.505181640625	8.0131885E-4	0.0
8.34923046875	1.1749536E-4	0.0
8.1932802734375	0.002928685	0.0
8.03732958984375	-0.0016186327	0.0
7.88137890625	-0.00250818	0.0
7.72542822265625	-0.011784203	0.0
7.56947802734375	0.0019357547	0.0
7.41352734375	0.008911937	0.0
7.25757666015625	-0.0054754494	0.0
7.1016259765625	-0.0039548073	0.0
6.94567529296875	0.0059492164	0.0
6.789724609375	0.0032379162	0.0
6.63377392578125	-8.556173E-5	0.0
6.4778232421875	-2.725734E-5	0.0
6.321873046875	0.004504238	0.0
6.16592236328125	0.0059043206	2.5091909265029244E-5
6.0099716796875	-4.7267988E-4	5.643640761263669E-4
5.85402099609375	-0.0061673746	0.002350956667214632
5.6980703125	-0.009328784	0.0018146703951060772
5.54211962890625	-0.0021885491	2.5950316921807826E-4
5.3861689453125	0.0010087636	6.87286728862091E-6
5.23021875	0.0048545175	0.0
5.07426806640625	4.035083E-4	0.0
4.9183173828125	-0.0013363698	0.0
4.76236669921875	0.004185441	0.0
4.606416015625	-0.006610849	0.0
4.45046533203125	-0.003116311	0.0
4.2945146484375	0.0046318294	0.0
4.138564453125	0.0067885043	0.0
3.982613525390625	0.0071923207	0.0
3.8266630859375	-0.001950702	0.0
3.67071240234375	-1.5772534E-5	0.0
3.51476171875	0.0021646689	0.0
3.35881103515625	-0.0049282177	0.0
3.202860595703125	0.001049478	0.0
3.046909912109375	-4.357783E-4	0.0
2.890959228515625	9.5265877E-4	0.0
2.7350087890625	0.005827725	0.0
2.57905810546875	0.005093193	0.0
2.423107421875	0.0016691278	0.0
2.26715673828125	-0.0049769245	0.0
2.111206298828125	-0.0081633255	0.0
1.955255615234375	-8.8529295E-4	0.0
1.799304931640625	-7.3206454E-4	0.0
1.6433543701171875	-0.00694639	0.0
1.48740380859375	-0.0019125987	0.0
1.331453125	0.0033688722	0.0
1.1755025634765626	0.0039407853	0.0
1.0195518798828125	0.0031971529	0.0
0.8636012573242188	0.008806505	0.0
