11.22225390625	-0.0033040661	0.0
11.0492998046875	0.001590991	0.0
10.876345703125	-3.065795E-4	0.0
10.703392578125	-0.0052533164	0.0
10.5304384765625	-0.007083906	0.0
10.357484375	-0.00389823	0.0
10.1845302734375	-4.0831201E-4	0.0
10.011576171875	0.0022329234	0.0
9.8386220703125	0.0061238813	0.0
9.66566796875	0.0048502423	0.0
9.4927138671875	0.001341287	0.0
9.319759765625	-0.0011238245	0.0
9.146806640625	-0.0010857591	0.0
8.9738525390625	-1.565588E-4	0.0
8.8008984375	-7.176559E-4	0.0
8.6279443359375	-0.00572615	0.0
8.454990234375	-0.0061217593	0.0
8.2820361328125	-0.0041451147	0.0
8.10908203125	-0.0041360725	0.0
7.9361279296875	-8.4568124E-4	0.0
7.76317431640625	3.4820616E-6	0.0
7.59022021484375	0.004741141	0.0
7.41726611328125	0.005678277	0.0
7.24431201171875	-2.3525512E-4	0.0
7.0713583984375	6.560983E-4	0.0
6.898404296875	0.0024360272	0.0
6.7254501953125	0.0052577867	0.0
6.55249609375	0.002853892	0.0
6.3795419921875	0.0016996177	0.0
6.20658837890625	-0.0011763093	1.5323017578339204E-5
6.03363427734375	-0.008038982	7.116516935639083E-4
5.86068017578125	-0.012713817	0.00415294524282217
5.68772607421875	-0.009928093	0.003048534970730543
5.51477197265625	4.4821273E-4	2.813729806803167E-4
5.341818359375	0.0063616927	3.2633413411531365E-6
5.1688642578125	0.004579725	0.0
4.99591015625	-9.206447E-4	0.0
4.8229560546875	0.0016497737	0.0
4.650001953125	7.9172E-4	0.0
4.47704833984375	-0.0021968086	0.0
4.30409423828125	3.2300287E-4	0.0
4.13114013671875	0.0030601542	0.0
3.958186279296875	-3.5464857E-4	0.0
3.785232177734375	-0.0034821308	0.0
3.612278076171875	-0.0026646617	0.0
3.43932421875	-0.0014081395	0.0
3.2663701171875	-0.0036064053	0.0
3.093416259765625	-0.0016769909	0.0
2.920462158203125	0.0019914135	0.0
2.747508056640625	4.9547834E-4	0.0
2.57455419921875	0.001669326	0.0
2.40160009765625	0.008883331	0.0
2.228646240234375	0.0040575275	0.0
2.055692138671875	-0.003033742	0.0
1.8827381591796875	-0.0011480787	0.0
1.7097841796875	-0.0029053655	0.0
1.5368302001953125	-0.0034410234	0.0
1.363876220703125	-0.0011659826	0.0
1.190922119140625	-0.002890258	0.0
1.0179682006835937	-0.0018518548	0.0
0.84501416015625	0.0016789319	0.0
0.6720601806640625	0.0020638113	0.0
0.49910617065429685	8.97124E-4	0.0
0.32615219116210936	-1.7723511E-4	0.0
