11.2369609375	0.0071179285	0.0
11.0552216796875	0.0011536999	0.0
10.873482421875	-0.02310266	0.0
10.6917431640625	-0.004908887	0.0
10.51000390625	-0.011675784	0.0
10.3282646484375	-0.004768794	0.0
10.1465244140625	0.025884867	0.0
9.96478515625	0.008080543	0.0
9.7830458984375	-0.00848	0.0
9.601306640625	0.002543165	0.0
9.4195673828125	0.0032793523	0.0
9.237828125	0.0054918295	0.0
9.0560888671875	-0.0069129714	0.0
8.874349609375	-0.0068111876	0.0
8.6926103515625	0.0012986164	0.0
8.51087109375	-0.004206325	0.0
8.3291318359375	-8.097691E-4	0.0
8.14739208984375	0.006137907	0.0
7.96565283203125	0.004470213	0.0
7.78391357421875	0.0016902738	0.0
7.60217431640625	-0.023225693	0.0
7.4204345703125	-0.021555822	0.0
7.2386953125	5.6830735E-4	0.0
7.0569560546875	0.014495299	0.0
6.875216796875	-0.010561371	0.0
6.6934775390625	-0.015667198	0.0
6.51173828125	-0.0039612283	0.0
6.32999853515625	-0.004298115	0.0
6.14825927734375	0.01328597	3.537966767908074E-5
5.96652001953125	0.007876105	9.059985168278217E-4
5.78478076171875	-0.0048023458	0.002349570859223604
5.60304150390625	0.0071387384	6.174225127324462E-4
5.42130224609375	0.0017562937	1.642960705794394E-5
5.2395625	0.005529346	0.0
5.0578232421875	-0.010215145	0.0
4.876083984375	0.0028087832	0.0
4.6943447265625	0.0010169724	0.0
4.51260546875	0.025661286	0.0
4.3308662109375	-0.013677144	0.0
4.14912646484375	0.0011172296	0.0
3.96738720703125	-0.006868736	0.0
3.78564794921875	-0.0047225696	0.0
3.60390869140625	0.010937938	0.0
3.422169189453125	-0.0073306	0.0
3.240429931640625	0.0033321418	0.0
3.058690673828125	0.009838901	0.0
2.876951171875	-0.008248135	0.0
2.6952119140625	0.0051707723	0.0
2.51347265625	-0.01564729	0.0
2.331733154296875	-0.018070318	0.0
2.149993896484375	-0.0044434005	0.0
1.9682545166015626	-0.006462011	0.0
1.7865152587890625	0.008209865	0.0
1.60477587890625	0.0049731866	0.0
1.4230364990234374	-0.0045440053	0.0
1.2412972412109375	0.00742608	0.0
1.059557861328125	-0.0012354066	0.0
0.8778185424804688	0.007857328	0.0
0.6960791625976562	-0.006910552	0.0
0.51433984375	-0.013707109	0.0
0.33260049438476563	-0.011487537	0.0
