#xValues(km/s)	yValues(K)	simulate(Show Plot)	simulate(All Species)
10.7779404296875	0.005460921	0.0	0.0
10.59378515625	8.9821464E-4	0.0	0.0
10.40962890625	-1.258547E-4	0.0	0.0
10.2254736328125	-0.0030468565	0.0	0.0
10.041318359375	8.832383E-5	0.0	0.0
9.857162109375	0.006155603	0.0	0.0
9.6730068359375	0.0076863393	0.0	0.0
9.4888515625	0.010640902	0.0	0.0
9.3046962890625	0.0071962727	0.0	0.0
9.1205400390625	4.70038E-4	0.0	0.0
8.936384765625	-0.0014545916	0.0	0.0
8.7522294921875	0.0069124456	0.0	0.0
8.56807421875	0.008395907	0.0	0.0
8.38391796875	0.009639928	0.0	0.0
8.1997626953125	0.006309516	0.0	0.0
8.01560693359375	0.0065428205	0.0	0.0
7.83145166015625	2.9799147E-4	0.0	0.0
7.6472958984375	-0.002994169	0.0	0.0
7.463140625	-0.003010589	0.0	0.0
7.27898486328125	-0.004358903	0.0	0.0
7.09482958984375	-0.004437032	0.0	0.0
6.910673828125	-0.0031094681	0.0	0.0
6.7265185546875	-0.0034679964	0.0	0.0
6.54236279296875	-0.005066306	0.0	0.0
6.35820751953125	-0.0060717002	6.721323643432697E-6	6.721323643432697E-6
6.1740517578125	0.0025531813	9.180126362480223E-4	9.180126362480223E-4
5.98989599609375	0.016537037	0.013324525207281113	0.013324525207281113
5.80574072265625	0.02565758	0.02062363550066948	0.02062363550066948
5.6215849609375	0.00396528	0.0034178169444203377	0.0034178169444203377
5.4374296875	-0.011621306	6.016263068886474E-5	6.016263068886474E-5
5.25327392578125	-0.0129652	0.0	0.0
5.06911865234375	-0.006676254	0.0	0.0
4.884962890625	9.699383E-4	0.0	0.0
4.7008076171875	0.0024496107	0.0	0.0
4.51665185546875	7.4809114E-4	0.0	0.0
4.33249658203125	-0.0011122128	0.0	0.0
4.1483408203125	-0.0020031198	0.0	0.0
3.964185302734375	-0.0010255128	0.0	0.0
3.78002978515625	0.0023305223	0.0	0.0
3.595874267578125	0.0032633808	0.0	0.0
3.41171875	0.011023789	0.0	0.0
3.22756298828125	0.007947431	0.0	0.0
3.043407470703125	0.001479131	0.0	0.0
2.859251953125	-2.7390313E-4	0.0	0.0
2.675096435546875	0.0015854083	0.0	0.0
2.49094091796875	0.0025080722	0.0	0.0
2.306785400390625	0.0034574405	0.0	0.0
2.1226298828125	-0.0018691453	0.0	0.0
1.938474365234375	-0.0071839127	0.0	0.0
1.75431884765625	-0.0127710495	0.0	0.0
1.5701632080078125	-0.005612127	0.0	0.0
1.3860076904296874	-0.0045114625	0.0	0.0
1.2018521728515625	-0.004148604	0.0	0.0
1.0176966552734374	0.0027631198	0.0	0.0
0.8335410766601562	0.0021566714	0.0	0.0
