#xValues(km/s)	yValues(K)	simulate(Show Plot)	simulate(All Species)
10.816775390625	-0.0011413586	0.0	0.0
10.6694501953125	-0.0017660636	0.0	0.0
10.5221240234375	-0.0064880797	0.0	0.0
10.3747978515625	-0.0042165467	0.0	0.0
10.22747265625	-0.0016694521	0.0	0.0
10.080146484375	0.0017550401	0.0	0.0
9.9328203125	9.926723E-4	0.0	0.0
9.7854951171875	-6.4225716E-4	0.0	0.0
9.6381689453125	-0.0049835076	0.0	0.0
9.4908427734375	0.002901333	0.0	0.0
9.343517578125	0.0033801277	0.0	0.0
9.19619140625	0.0018790831	0.0	0.0
9.048865234375	0.0019884366	0.0	0.0
8.9015400390625	4.7124812E-4	0.0	0.0
8.7542138671875	-0.0027333414	0.0	0.0
8.6068876953125	0.005691804	0.0	0.0
8.4595625	0.004287053	0.0	0.0
8.312236328125	8.350143E-4	0.0	0.0
8.16491064453125	8.0674223E-4	0.0	0.0
8.0175849609375	0.0020499653	0.0	0.0
7.8702587890625	5.1124033E-4	0.0	0.0
7.72293310546875	-0.0022252987	0.0	0.0
7.575607421875	-0.00870711	0.0	0.0
7.42828125	-0.002792218	0.0	0.0
7.28095556640625	-0.0019858333	0.0	0.0
7.1336298828125	-0.006959025	0.0	0.0
6.9863037109375	-0.0041515776	0.0	0.0
6.83897802734375	0.002798832	0.0	0.0
6.69165234375	1.222945E-4	0.0	0.0
6.544326171875	-0.0041381572	0.0	0.0
6.39700048828125	-0.00664371	0.0	0.0
6.2496748046875	-9.760995E-4	4.8430971219204366E-5	4.8430971219204366E-5
6.1023486328125	-6.14986E-4	0.001029643346555531	0.001029643346555531
5.95502294921875	-0.0050775046	0.005217970814555883	0.005217970814555883
5.807697265625	0.001927146	0.006311959587037563	0.006311959587037563
5.66037109375	0.004456057	0.0018235205207020044	0.0018235205207020044
5.51304541015625	1.0039651E-4	1.2558781600091606E-4	1.2558781600091606E-4
5.3657197265625	0.0017555672	2.062513203782146E-6	2.062513203782146E-6
5.2183935546875	9.547487E-4	0.0	0.0
5.07106787109375	-0.0026700213	0.0	0.0
4.9237421875	-0.0010751856	0.0	0.0
4.776416015625	-0.0022346235	0.0	0.0
4.62909033203125	-0.0037011842	0.0	0.0
4.4817646484375	0.0017054698	0.0	0.0
4.3344384765625	0.0033527685	0.0	0.0
4.18711279296875	6.975973E-4	0.0	0.0
4.039787109375	0.0016881473	0.0	0.0
3.892461181640625	2.7488885E-4	0.0	0.0
3.74513525390625	0.0017387198	0.0	0.0
3.5978095703125	4.5113708E-4	0.0	0.0
3.450483642578125	0.0023569195	0.0	0.0
3.30315771484375	-4.8380002E-4	0.0	0.0
3.15583203125	-0.007933444	0.0	0.0
3.008506103515625	-0.0052729654	0.0	0.0
2.86118017578125	-0.0023534696	0.0	0.0
2.7138544921875	-0.0076294085	0.0	0.0
2.566528564453125	-0.010081735	0.0	0.0
2.41920263671875	-0.005179985	0.0	0.0
2.271876953125	0.0013770924	0.0	0.0
2.124551025390625	0.0034342417	0.0	0.0
1.9772252197265625	0.001755954	0.0	0.0
1.8298992919921875	0.0013189741	0.0	0.0
1.682573486328125	4.760383E-4	0.0	0.0
1.5352476806640625	0.0029571455	0.0	0.0
1.387921875	0.0026669845	0.0	0.0
1.240595947265625	2.6649385E-4	0.0	0.0
1.0932701416015624	-0.002435002	0.0	0.0
0.9459442749023438	-0.0028636914	0.0	0.0
0.7986184692382813	0.00626362	0.0	0.0
