#xValues(km/s)	yValues(K)	simulate(Show Plot)	simulate(All Species)
10.7782041015625	0.0021021485	0.0	0.0
10.6011025390625	-0.0039692936	0.0	0.0
10.4240009765625	-0.0044767805	0.0	0.0
10.246900390625	-3.709236E-4	0.0	0.0
10.069798828125	-0.0012864233	0.0	0.0
9.892697265625	4.3581115E-4	0.0	0.0
9.7155966796875	0.0020873633	0.0	0.0
9.5384951171875	-1.08350985E-4	0.0	0.0
9.3613935546875	4.5336437E-4	1.6151430827449076E-5	0.0
9.18429296875	-0.0014011263	5.084334407001734E-4	0.0
9.00719140625	-0.001697179	0.0018190627451986074	0.0
8.83008984375	0.0033008608	7.398719317279756E-4	0.0
8.6529892578125	0.0029757041	3.420349094085395E-5	0.0
8.4758876953125	0.002932269	0.0	0.0
8.2987861328125	0.0025080373	0.0	0.0
8.12168505859375	-9.959364E-5	0.0	0.0
7.944583984375	4.511333E-4	0.0	0.0
7.76748291015625	-0.007124254	0.0	0.0
7.59038134765625	-0.008325402	0.0	0.0
7.4132802734375	-0.0038511532	0.0	0.0
7.23617919921875	-6.403482E-4	0.0	0.0
7.05907763671875	0.0038168754	0.0	0.0
6.8819765625	0.0042882413	0.0	0.0
6.70487548828125	0.0033824507	0.0	0.0
6.52777392578125	0.0056675817	0.0	0.0
6.3506728515625	0.0033736909	0.0	0.0
6.17357177734375	0.0022487047	3.876973642036319E-5	0.0
5.99647021484375	0.0027816652	0.0012831536587327719	0.0
5.819369140625	-4.0154505E-4	0.004826436750590801	0.0
5.64226806640625	-0.002904445	0.0020645165350288153	0.0
5.46516650390625	-2.4305284E-4	1.0037291212938726E-4	0.0
5.2880654296875	-2.397832E-4	0.0	0.0
5.11096435546875	-0.002836046	0.0	0.0
4.93386328125	-0.0030824272	0.0	0.0
4.75676171875	-0.0026743682	0.0	0.0
4.57966064453125	0.001510679	0.0	0.0
4.4025595703125	6.99208E-4	0.0	0.0
4.2254580078125	3.170324E-4	0.0	0.0
4.04835693359375	0.0011857318	0.0	0.0
3.871255615234375	0.005582925	0.0	0.0
3.694154541015625	0.008107275	0.0	0.0
3.51705322265625	0.006777486	0.0	0.0
3.339951904296875	0.0032968798	0.0	0.0
3.162850830078125	-5.2363396E-4	0.0	0.0
2.98574951171875	-0.0014514391	1.6299477465508971E-6	0.0
2.808648193359375	8.475232E-4	1.3823038898408413E-4	0.0
2.631547119140625	-0.0038121403	0.0013324485626071692	0.0
2.45444580078125	-0.0070922123	0.0014601252041757107	0.0
2.277344482421875	-0.0013881635	1.8190033733844757E-4	0.0
2.100243408203125	-1.7038861E-4	2.5757210551091703E-6	0.0
1.92314208984375	-0.004320867	0.0	0.0
1.7460408935546874	-0.0048638526	0.0	0.0
1.568939697265625	-2.8071486E-4	0.0	0.0
1.39183837890625	0.0018649206	0.0	0.0
1.2147371826171875	0.002547995	0.0	0.0
1.037635986328125	0.004365071	0.0	0.0
0.8605347290039063	0.004477436	0.0	0.0
