10.8369658203125	-5.1302445E-4	0.0
10.6640166015625	-0.0023043023	0.0
10.4910673828125	9.52369E-4	0.0
10.3181181640625	0.0028103504	0.0
10.1451689453125	0.0022358946	0.0
9.9722197265625	0.0038909896	0.0
9.7992705078125	0.0015077576	0.0
9.626322265625	-0.0012793634	0.0
9.453373046875	-0.0018842513	0.0
9.280423828125	0.0026583301	0.0
9.107474609375	0.00658542	0.0
8.934525390625	-2.14936E-4	0.0
8.761576171875	-0.0010507314	0.0
8.588626953125	0.0011717963	0.0
8.415677734375	-0.0042221085	0.0
8.242728515625	-0.0027568103	0.0
8.069779296875	-0.002007463	0.0
7.896830078125	2.1925845E-4	0.0
7.723880859375	0.004012413	0.0
7.550931640625	-3.7919268E-5	0.0
7.37798291015625	4.707795E-4	0.0
7.20503369140625	0.004972166	0.0
7.03208447265625	0.007710321	0.0
6.85913525390625	0.0041318075	0.0
6.68618603515625	-0.0023782642	0.0
6.51323681640625	-0.0018335446	0.0
6.34028759765625	-0.0019229817	0.0
6.16733837890625	-0.0010024628	1.7823587768361904E-5
5.9943896484375	0.0042671477	5.170053336769342E-4
5.8214404296875	0.005168898	0.0018850249471142888
5.6484912109375	7.697163E-4	8.644774788990617E-4
5.4755419921875	-9.895739E-4	4.983935650670901E-5
5.3025927734375	-3.258638E-4	0.0
5.1296435546875	-5.359635E-4	0.0
4.9566943359375	6.1761035E-4	0.0
4.7837451171875	8.1270526E-4	0.0
4.6107958984375	0.0012254409	0.0
4.43784716796875	0.0017677519	0.0
4.26489794921875	0.0015908042	0.0
4.09194873046875	0.002774576	0.0
3.91899951171875	0.002989898	0.0
3.74605029296875	-0.0022185177	0.0
3.57310107421875	-0.0050738812	0.0
3.40015185546875	-0.0020052071	0.0
3.227202880859375	0.001068378	0.0
3.054253662109375	-4.9715413E-4	0.0
2.881304443359375	-0.0015483028	0.0
2.708355224609375	0.0024984803	0.0
2.53540625	0.0015859449	0.0
2.36245703125	1.9048061E-4	0.0
2.1895078125	0.0029602386	0.0
2.0165587158203127	9.596168E-4	0.0
1.8436094970703125	0.0025106543	0.0
1.670660400390625	0.0023313886	0.0
1.497711181640625	-0.0010684566	0.0
1.324761962890625	-0.004352038	0.0
1.1518128662109375	-0.002190642	0.0
0.9788637084960937	-0.0033676242	0.0
0.80591455078125	-0.0026305097	0.0
