#xValues(km/s)	yValues(K)	simulate(Show Plot)	simulate(All Species)
10.713064453125	0.00220339	0.0	0.0
10.5313203125	0.004253741	0.0	0.0
10.3495751953125	0.01301154	0.0	0.0
10.1678310546875	-0.013748801	0.0	0.0
9.9860859375	-0.0075085303	0.0	0.0
9.804341796875	0.005678331	0.0	0.0
9.6225966796875	-0.004917793	0.0	0.0
9.4408525390625	-0.013934704	0.0	0.0
9.259107421875	-0.0017242728	0.0	0.0
9.07736328125	-0.0017132368	0.0	0.0
8.8956181640625	-0.014030457	0.0	0.0
8.7138740234375	-0.020527614	0.0	0.0
8.53212890625	-0.007871817	0.0	0.0
8.350384765625	0.013949451	0.0	0.0
8.1686396484375	0.0065768096	0.0	0.0
7.98689501953125	0.008833542	0.0	0.0
7.805150390625	0.015566274	0.0	0.0
7.62340576171875	0.008469104	0.0	0.0
7.4416611328125	0.018220656	0.0	0.0
7.25991650390625	-0.0056915917	0.0	0.0
7.078171875	-0.016895315	0.0	0.0
6.89642724609375	-0.006401736	0.0	0.0
6.7146826171875	0.016655765	0.0	0.0
6.53293798828125	0.013757116	0.0	0.0
6.351193359375	0.0042830543	0.0	0.0
6.16944873046875	-0.0035558208	1.7875780031317845E-5	0.0
5.9877041015625	-0.0043695294	5.979379639029503E-4	0.0
5.80595947265625	-0.0079619745	0.0020252899266779423	0.0
5.62421484375	0.00459792	6.948211812414229E-4	0.0
5.44247021484375	0.009185763	2.4138198568834923E-5	0.0
5.2607255859375	0.0031541197	0.0	0.0
5.07898095703125	-0.008258214	0.0	0.0
4.897236328125	-0.0011976258	0.0	0.0
4.71549169921875	-0.01329763	0.0	0.0
4.5337470703125	-0.0032882642	0.0	0.0
4.35200244140625	-0.0070376117	0.0	0.0
4.17025732421875	0.0042124754	0.0	0.0
3.988512939453125	0.0022663868	0.0	0.0
3.806768310546875	0.019398967	0.0	0.0
3.625023681640625	-0.0132429125	0.0	0.0
3.443279052734375	-0.009273142	0.0	0.0
3.261534423828125	-0.0058466215	0.0	0.0
3.079789794921875	0.008681857	0.0	0.0
2.898044921875	0.0023733226	0.0	0.0
2.71630029296875	0.0128136985	0.0	0.0
2.5345556640625	-0.00585542	0.0	0.0
2.35281103515625	0.008110941	0.0	0.0
2.17106640625	0.020547545	0.0	0.0
1.98932177734375	0.0026041053	0.0	0.0
1.8075771484375	0.006003574	0.0	0.0
1.62583251953125	-0.015466364	0.0	0.0
1.444087890625	0.0012014459	0.0	0.0
1.2623431396484375	0.011408885	0.0	0.0
1.0805985107421876	-9.4360823E-4	0.0	0.0
0.8988538818359375	-0.0021047643	0.0	0.0
0.7171092529296875	0.011480177	0.0	0.0
