10.856314453125	0.0075785294	0.0
10.70036328125	0.015034964	0.0
10.5444130859375	0.014048795	0.0
10.3884619140625	0.008504558	0.0
10.23251171875	0.012023508	0.0
10.076560546875	-0.0050263624	0.0
9.9206103515625	-0.005921056	0.0
9.7646591796875	0.0016717701	0.0
9.608708984375	-0.0024798566	0.0
9.4527578125	-0.009508437	0.0
9.2968076171875	-5.0748185E-6	0.0
9.140857421875	0.0015776323	0.0
8.98490625	0.009865379	0.0
8.8289560546875	0.008104242	0.0
8.6730048828125	0.010413022	0.0
8.5170546875	0.0044373004	0.0
8.361103515625	-0.0033978669	0.0
8.2051533203125	-0.0038531867	0.0
8.04920263671875	-0.0014748349	0.0
7.893251953125	0.011495676	0.0
7.73730126953125	0.0054148217	0.0
7.5813505859375	6.035769E-4	0.0
7.42539990234375	3.4216428E-4	0.0
7.26944921875	-0.0064560776	0.0
7.11349853515625	-0.0040233294	0.0
6.9575478515625	-0.010299666	0.0
6.80159716796875	-0.0034434309	0.0
6.645646484375	-0.0034010645	0.0
6.48969580078125	-0.009620617	0.0
6.3337451171875	-0.0050809574	0.0
6.17779443359375	0.0055106403	5.95944766246248E-6
6.02184375	0.0037020608	1.524038816569373E-4
5.86589306640625	-0.0028647087	7.219030521810055E-4
5.7099423828125	0.0012732698	6.33512856438756E-4
5.5539921875	-5.661498E-4	1.0299163841409609E-4
5.39804150390625	-7.002162E-4	3.101288029938587E-6
5.2420908203125	-0.012921079	0.0
5.08614013671875	-0.01621971	0.0
4.930189453125	-0.010698511	0.0
4.77423876953125	-2.511825E-6	0.0
4.6182880859375	1.4137778E-4	0.0
4.46233740234375	0.00795433	0.0
4.30638671875	0.008767206	0.0
4.15043603515625	-0.008113083	0.0
3.9944853515625	-0.005402397	0.0
3.83853466796875	0.0038351913	0.0
3.682584228515625	0.013980881	0.0
3.526633544921875	0.008091226	0.0
3.370682861328125	-0.004273936	0.0
3.214732177734375	-0.006422788	0.0
3.058781494140625	0.0011248129	0.0
2.902830810546875	0.0075340276	0.0
2.746880126953125	0.0055151796	0.0
2.5909296875	-0.0029925012	0.0
2.43497900390625	-0.0040189335	0.0
2.2790283203125	-0.012564698	0.0
2.12307763671875	0.0010764103	0.0
1.967126953125	-0.0048400545	0.0
1.81117626953125	0.002855446	0.0
1.6552257080078125	0.012430885	0.0
1.4992750244140625	-0.004527623	0.0
1.3433243408203126	-0.0010965739	0.0
1.1873736572265625	0.0029268758	0.0
1.031423095703125	0.001997041	0.0
0.875472412109375	0.013355374	0.0
