11.792017578125	-0.017249025	0.0
11.6360673828125	0.0059659053	0.0
11.4801171875	0.0035882308	0.0
11.324166015625	-0.010113538	0.0
11.1682158203125	-0.013473753	0.0
11.0122646484375	-0.011324561	0.0
10.856314453125	-0.0018715621	0.0
10.70036328125	0.00576056	0.0
10.5444130859375	0.014654706	0.0
10.3884619140625	0.01082116	0.0
10.23251171875	0.0055722133	0.0
10.076560546875	-0.0031366833	0.0
9.9206103515625	7.242414E-4	0.0
9.7646591796875	-0.004206447	0.0
9.608708984375	-0.014191052	0.0
9.4527578125	-0.013430031	0.0
9.2968076171875	-6.6295E-4	0.0
9.140857421875	-0.0064886217	0.0
8.98490625	0.0023644879	0.0
8.8289560546875	-0.002198931	0.0
8.6730048828125	0.005389569	0.0
8.5170546875	5.7842705E-4	0.0
8.361103515625	-0.0030487974	0.0
8.2051533203125	0.009221731	0.0
8.04920263671875	-0.0074579963	0.0
7.893251953125	0.0058503146	0.0
7.73730126953125	0.010229104	0.0
7.5813505859375	0.0133225005	0.0
7.42539990234375	0.00851557	0.0
7.26944921875	-0.0080044875	0.0
7.11349853515625	-0.0037635732	0.0
6.9575478515625	-0.0018877848	0.0
6.80159716796875	-0.009962366	0.0
6.645646484375	-0.018716503	0.0
6.48969580078125	-0.014954592	0.0
6.3337451171875	0.0021802466	0.0
6.17779443359375	0.016378146	1.281663753616158E-5
6.02184375	0.009248625	3.2776055741123855E-4
5.86589306640625	0.0067764698	0.001552424393594265
5.7099423828125	0.013707009	0.0013623589184135199
5.5539921875	0.012809147	2.2149561846163124E-4
5.39804150390625	0.0033238358	6.6697625697997864E-6
5.2420908203125	-0.006902662	0.0
5.08614013671875	-0.012748593	0.0
4.930189453125	-0.0053127524	0.0
4.77423876953125	0.005138102	0.0
4.6182880859375	0.0060794093	0.0
4.46233740234375	0.0021350305	0.0
4.30638671875	0.0010053514	0.0
4.15043603515625	-0.0034854233	0.0
3.9944853515625	-7.255099E-4	0.0
3.83853466796875	0.004924733	0.0
3.682584228515625	0.0052345567	0.0
3.526633544921875	-0.00546986	0.0
3.370682861328125	-0.0047397045	0.0
3.214732177734375	-0.009803017	0.0
3.058781494140625	-0.0016763888	0.0
2.902830810546875	-9.7144715E-4	0.0
2.746880126953125	-0.0018828886	0.0
2.5909296875	-0.0038307304	0.0
2.43497900390625	-0.0033568966	0.0
2.2790283203125	-0.012999412	0.0
2.12307763671875	0.0021676135	0.0
1.967126953125	-0.0019083982	0.0
1.81117626953125	4.8129773E-4	0.0
1.6552257080078125	0.0057039126	0.0
1.4992750244140625	0.0026699875	0.0
1.3433243408203126	0.009495193	0.0
1.1873736572265625	0.012417819	0.0
1.031423095703125	0.006254068	0.0
0.875472412109375	0.003497123	0.0
0.719521728515625	0.013177984	0.0
0.5635711059570313	0.0024934723	0.0
0.40762045288085935	-0.0025251755	0.0
0.25166978454589845	-0.0031633237	0.0
0.0957191390991211	-7.634016E-5	0.0
-0.06023151397705078	-0.0053003244	0.0
-0.21618215942382812	-0.009920625	0.0
