10.832859375	0.012836371	0.0
10.6817236328125	0.009463618	0.0
10.530587890625	0.0069063082	0.0
10.3794521484375	0.0011585909	0.0
10.22831640625	0.0026811454	0.0
10.0771806640625	0.0027786598	0.0
9.926044921875	-0.009357849	0.0
9.7749091796875	-0.010181863	0.0
9.6237734375	-3.1856226E-4	0.0
9.4726376953125	9.986694E-4	0.0
9.321501953125	-0.005150858	0.0
9.1703662109375	0.0014365754	0.0
9.01923046875	0.00519268	0.0
8.8680947265625	-0.0025024386	0.0
8.716958984375	-0.0033089197	0.0
8.5658232421875	-0.009588762	0.0
8.4146875	-0.015635371	0.0
8.2635517578125	-0.012063938	0.0
8.11241650390625	-0.0010437605	0.0
7.96128076171875	0.0033472374	0.0
7.81014501953125	-6.45043E-4	0.0
7.65900927734375	-0.00612172	0.0
7.50787353515625	7.4818486E-4	0.0
7.35673779296875	0.012723144	0.0
7.20560205078125	0.00527368	0.0
7.05446630859375	-0.0048709353	0.0
6.90333056640625	-0.003955281	0.0
6.75219482421875	3.2871647E-4	0.0
6.60105908203125	0.0027077815	0.0
6.44992333984375	0.0027045119	0.0
6.29878759765625	0.010098957	0.0
6.14765185546875	0.008651234	1.118691943702288E-5
5.99651611328125	0.0034121154	1.9356182019691914E-4
5.84538037109375	-0.0039849663	6.873111706227064E-4
5.69424462890625	-0.0016554483	5.009577726013958E-4
5.54310888671875	-8.286489E-4	7.49411919969134E-5
5.39197314453125	-0.0022917364	2.3007071376923705E-6
5.24083740234375	0.0044630608	0.0
5.08970166015625	0.0052519613	0.0
4.93856591796875	-0.007277899	0.0
4.78743017578125	-0.0058469246	0.0
4.63629443359375	-0.0013947163	0.0
4.48515869140625	-0.0061171455	0.0
4.3340234375	-0.0082836915	0.0
4.1828876953125	-0.004037039	0.0
4.031751708984375	0.001817983	0.0
3.880615966796875	-0.0010657639	0.0
3.729480224609375	-0.0017664379	0.0
3.578344482421875	-0.0058133453	0.0
3.427208984375	-0.004403962	0.0
3.2760732421875	-5.195601E-4	0.0
3.1249375	7.613752E-4	0.0
2.9738017578125	-0.0030618072	0.0
2.822666015625	-0.0014709211	0.0
2.6715302734375	-6.2078563E-4	0.0
2.52039453125	8.209742E-4	0.0
2.3692587890625	0.0033946664	0.0
2.218123046875	0.0013518111	0.0
2.0669873046875	0.0017720341	0.0
1.9158516845703124	0.004579382	0.0
1.7647159423828125	0.0011866507	0.0
1.6135802001953126	8.738802E-4	0.0
1.4624444580078124	-0.003728335	0.0
1.3113087158203125	-0.003998673	0.0
1.1601729736328126	-0.0037040273	0.0
1.0090372924804687	-0.009562019	0.0
0.857901611328125	-0.005378579	0.0
