10.8813310546875	-0.003618891	0.0
10.708376953125	-2.6665346E-4	0.0
10.5354228515625	0.0011849251	0.0
10.36246875	0.003917666	0.0
10.189515625	0.0022093246	0.0
10.0165615234375	0.0036788557	0.0
9.843607421875	0.0039456817	0.0
9.6706533203125	0.004648282	0.0
9.49769921875	0.004360118	0.0
9.3247451171875	0.0029087118	0.0
9.151791015625	0.0025718466	0.0
8.9788369140625	0.0016524306	0.0
8.8058828125	-0.0023017607	0.0
8.6329287109375	-0.0054899706	0.0
8.459974609375	-0.0032145076	0.0
8.2870205078125	-0.0014813525	0.0
8.11406689453125	-8.083771E-4	0.0
7.94111279296875	0.004079903	0.0
7.76815869140625	0.002673472	0.0
7.59520458984375	-0.0035288096	0.0
7.42225048828125	-0.002512734	0.0
7.249296875	-0.0026679905	0.0
7.0763427734375	-0.0050939084	0.0
6.903388671875	-0.0039383247	0.0
6.7304345703125	-2.682964E-4	0.0
6.55748046875	0.0015040691	0.0
6.3845263671875	0.0025830632	0.0
6.21157275390625	0.0029889964	3.3727303616615245E-6
6.03861865234375	-0.0010452451	1.662997528910637E-4
5.86566455078125	-1.5566507E-4	0.0010305860778316855
5.69271044921875	-0.0017397045	8.030142053030431E-4
5.51975634765625	7.011039E-4	7.866004307288677E-5
5.34680224609375	9.2712935E-4	9.68440190263209E-7
5.17384814453125	4.9186515E-4	0.0
5.00089453125	-0.001879243	0.0
4.8279404296875	-0.0018962312	0.0
4.654986328125	-0.003896333	0.0
4.4820322265625	-0.0075031393	0.0
4.309078125	0.0020565887	0.0
4.1361240234375	0.0071690003	0.0
3.963170166015625	0.0011344475	0.0
3.790216064453125	3.572948E-4	0.0
3.61726220703125	0.0023594464	0.0
3.44430810546875	-4.92959E-4	0.0
3.27135400390625	5.6694844E-4	0.0
3.098400146484375	0.0010909431	0.0
2.925446044921875	-0.0028909955	0.0
2.752491943359375	-0.005179962	0.0
2.5795380859375	-0.0024790308	0.0
2.406583984375	-5.1302445E-4	0.0
2.2336298828125	-0.0023043023	0.0
2.060676025390625	9.52369E-4	0.0
1.887721923828125	0.0028103504	0.0
1.714767822265625	0.0022358946	0.0
1.5418138427734376	0.0038909896	0.0
1.36885986328125	0.0015077576	0.0
1.19590576171875	-0.0012793634	0.0
1.0229517822265626	-0.0018842513	0.0
0.8499977416992187	0.0026583301	0.0
