#xValues(km/s)	yValues(K)	simulate(Show Plot)	simulate(All Species)
10.726470703125	0.030652788	0.0	0.0
10.5453857421875	0.008699563	0.0	0.0
10.3643017578125	0.026883727	0.0	0.0
10.183216796875	0.0041850726	0.0	0.0
10.0021328125	0.0013479153	0.0	0.0
9.821048828125	0.010952911	0.0	0.0
9.6399638671875	0.0018016447	0.0	0.0
9.4588798828125	-0.009504983	0.0	0.0
9.277794921875	-0.0069903154	0.0	0.0
9.0967109375	-0.020405242	0.0	0.0
8.9156259765625	-0.0077683274	0.0	0.0
8.7345419921875	0.011512613	0.0	0.0
8.5534580078125	-0.00601262	0.0	0.0
8.372373046875	-0.005377705	0.0	0.0
8.19128857421875	0.03260269	0.0	0.0
8.01020458984375	-0.007999107	0.0	0.0
7.8291201171875	-3.7109424E-4	0.0	0.0
7.64803564453125	-0.024017936	0.0	0.0
7.466951171875	-0.00826201	0.0	0.0
7.28586669921875	-0.0027838931	0.0	0.0
7.1047822265625	-0.005696274	1.0843560630746651E-5	1.0843560630746651E-5
6.92369775390625	0.007151263	9.882312588160858E-5	9.882312588160858E-5
6.74261376953125	-0.013139899	6.1925029149279E-4	6.1925029149279E-4
6.561529296875	0.0027579046	0.0026678580325096846	0.0026678580325096846
6.38044482421875	0.016600847	0.007901160977780819	0.007901160977780819
6.1993603515625	0.025088783	0.016086464747786522	0.016086464747786522
6.01827587890625	0.024280554	0.022522876039147377	0.022522876039147377
5.83719140625	-0.00571232	0.02169511467218399	0.02169511467218399
5.656107421875	0.028315911	0.014376362785696983	0.014376362785696983
5.47502294921875	0.016804988	0.006550738587975502	0.006550738587975502
5.2939384765625	-0.010442882	0.002051911549642682	0.002051911549642682
5.11285400390625	6.272587E-4	4.418464086484164E-4	4.418464086484164E-4
4.93176953125	0.015830293	6.541525362990797E-5	6.541525362990797E-5
4.75068505859375	-0.006264005	6.6591001086635515E-6	6.6591001086635515E-6
4.5696005859375	-0.004727985	0.0	0.0
4.3885166015625	0.0013468795	0.0	0.0
4.20743212890625	0.0083834315	0.0	0.0
4.02634765625	0.013150176	0.0	0.0
3.84526318359375	0.0061485497	0.0	0.0
3.6641787109375	-0.0065027727	0.0	0.0
3.483094482421875	0.002843189	0.0	0.0
3.302010009765625	-0.0011282688	0.0	0.0
3.120925537109375	0.009368203	0.0	0.0
2.939841064453125	-0.0025845307	0.0	0.0
2.7587568359375	3.7483132E-4	0.0	0.0
2.57767236328125	0.0030742546	0.0	0.0
2.396587890625	0.0061924253	0.0	0.0
2.215503662109375	0.01734964	0.0	0.0
2.034419189453125	-0.0066175475	0.0	0.0
1.853334716796875	-0.006002954	0.0	0.0
1.6722503662109376	-0.002009558	0.0	0.0
1.4911658935546874	0.004497969	0.0	0.0
1.31008154296875	0.0015594083	0.0	0.0
1.1289971923828126	0.01668968	0.0	0.0
0.9479127197265625	-0.017927384	0.0	0.0
0.766828369140625	0.013539702	0.0	0.0
