10.820912109375	-0.0018630615	0.0
10.641501953125	-7.044252E-4	0.0
10.4620908203125	0.0016357421	0.0
10.2826806640625	-0.0021386114	0.0
10.10326953125	-0.0054327995	0.0
9.923859375	-7.82096E-4	0.0
9.7444482421875	-0.002410965	0.0
9.5650380859375	-0.007921464	0.0
9.385626953125	-0.0049393787	0.0
9.206216796875	-0.0018212381	0.0
9.0268056640625	0.0036992612	0.0
8.8473955078125	0.0037399584	0.0
8.667984375	-0.0011570791	0.0
8.48857421875	7.341154E-4	0.0
8.3091630859375	0.0027078635	0.0
8.1297529296875	2.462254E-4	0.0
7.95034228515625	-0.0039043848	0.0
7.770931640625	-0.0030191883	0.0
7.59152099609375	-0.0021362333	0.0
7.4121103515625	-8.8754325E-4	0.0
7.23269970703125	0.0036859799	0.0
7.0532890625	0.002212844	1.5453219020855613E-5
6.87387841796875	-0.0022831236	1.243797451024875E-4
6.6944677734375	-0.0018678255	6.931005627848208E-4
6.51505712890625	9.084563E-4	0.0026737952139228582
6.335646484375	0.00801898	0.007140155881643295
6.15623583984375	0.028684406	0.013199744746088982
5.9768251953125	0.03129403	0.016897834837436676
5.79741455078125	0.0118115535	0.014983397908508778
5.61800390625	0.0036309622	0.00920124351978302
5.43859375	0.004011565	0.003911972511559725
5.25918310546875	0.0041432306	0.0011513137724250555
5.0797724609375	0.006296981	2.3456431517843157E-4
4.90036181640625	0.0055647665	3.308527811896056E-5
4.720951171875	0.0016333101	0.0
4.54154052734375	0.0012988143	0.0
4.3621298828125	0.0032763826	0.0
4.18271923828125	0.0015014061	0.0
4.00330859375	-0.0050709364	0.0
3.82389794921875	-0.007915864	0.0
3.6444873046875	-0.004969469	0.0
3.46507666015625	0.0017073224	0.0
3.285666015625	1.5256098E-4	0.0
3.10625537109375	2.5046538E-4	0.0
2.9268447265625	5.351572E-4	0.0
2.74743408203125	-5.9097627E-4	0.0
2.568023681640625	-0.0022539527	0.0
2.388613037109375	0.0018149423	0.0
2.209202392578125	0.0026293937	0.0
2.029791748046875	0.0037693824	0.0
1.850381103515625	0.0019978823	0.0
1.670970458984375	-0.0022762914	0.0
1.491559814453125	-6.754788E-4	0.0
1.3121492919921875	0.0019527666	0.0
1.1327386474609376	0.002231356	0.0
0.9533280029296874	3.3570086E-5	0.0
0.7739173583984374	-0.0021542113	0.0
