#xValues(km/s)	yValues(K)	simulate(Show Plot)	simulate(All Species)
10.759796875	0.016077708	0.0	0.0
10.5786865234375	-0.0049956813	0.0	0.0
10.397576171875	-0.0028783216	0.0	0.0
10.21646484375	-9.445827E-4	0.0	0.0
10.0353544921875	0.0137901	0.0	0.0
9.854244140625	-0.015946237	0.0	0.0
9.6731337890625	0.0010010664	0.0	0.0
9.4920224609375	0.0024104607	0.0	0.0
9.310912109375	6.819118E-4	0.0	0.0
9.1298017578125	-0.0031489907	0.0	0.0
8.9486904296875	0.0068401853	0.0	0.0
8.767580078125	-0.01817703	0.0	0.0
8.5864697265625	-0.0011151228	0.0	0.0
8.4053583984375	-0.008884426	0.0	0.0
8.224248046875	-3.1523328E-4	0.0	0.0
8.0431376953125	-0.00969752	0.0	0.0
7.86202685546875	0.0071402797	0.0	0.0
7.68091650390625	0.011192784	0.0	0.0
7.4998056640625	0.00573384	0.0	0.0
7.31869482421875	0.017848235	0.0	0.0
7.13758447265625	0.022130003	2.3623263345484702E-8	2.3623263345484702E-8
6.9564736328125	-0.014170763	2.3047495290029474E-7	2.3047495290029474E-7
6.77536328125	-0.020465804	1.5459647784155095E-6	1.5459647784155095E-6
6.59425244140625	0.0076806433	7.129568530217512E-6	7.129568530217512E-6
6.4131416015625	-0.03342145	2.2605712729273364E-5	2.2605712729273364E-5
6.23203125	5.1431457E-4	4.927897680317983E-5	4.927897680317983E-5
6.05092041015625	0.0064738654	7.385772187262774E-5	7.385772187262774E-5
5.86981005859375	0.009009346	7.61062910896726E-5	7.61062910896726E-5
5.68869921875	-0.012749156	5.3918261983199045E-5	5.3918261983199045E-5
5.5075888671875	-0.006349453	2.626285822771024E-5	2.626285822771024E-5
5.32647802734375	-0.014655264	8.795017492957413E-6	8.795017492957413E-6
5.1453671875	0.0014681349	2.024978812187328E-6	2.024978812187328E-6
4.9642568359375	-0.022242634	3.2055029919320077E-7	3.2055029919320077E-7
4.78314599609375	0.0021302889	3.488666422413189E-8	3.488666422413189E-8
4.60203564453125	0.034513082	0.0	0.0
4.4209248046875	-0.0068154573	0.0	0.0
4.23981396484375	0.0027970697	0.0	0.0
4.05870361328125	0.004856159	0.0	0.0
3.877593017578125	2.3628019E-4	0.0	0.0
3.696482177734375	0.006664065	0.0	0.0
3.51537158203125	0.004722294	0.0	0.0
3.334260986328125	0.014821615	0.0	0.0
3.153150390625	0.02396868	0.0	0.0
2.972039794921875	0.0052385237	0.0	0.0
2.79092919921875	-0.0020389454	0.0	0.0
2.609818359375	-0.020018306	0.0	0.0
2.428707763671875	-0.002983803	0.0	0.0
2.24759716796875	-0.008671624	0.0	0.0
2.066486572265625	-0.01149979	0.0	0.0
1.8853758544921875	0.002756705	0.0	0.0
1.7042652587890625	-0.012152792	0.0	0.0
1.5231546630859376	-0.009398784	0.0	0.0
1.3420439453125	0.023885136	0.0	0.0
1.160933349609375	-0.027013274	0.0	0.0
0.9798226928710938	0.010541292	0.0	0.0
0.7987120971679688	-2.1536031E-4	0.0	0.0
