#xValues(km/s)	yValues(K)	simulate(Show Plot)	simulate(All Species)
10.8445185546875	0.0063733715	0.0	0.0
10.6932109375	0.008900624	0.0	0.0
10.54190234375	-0.013846301	0.0	0.0
10.39059375	-0.0012271055	0.0	0.0
10.2392861328125	-0.008746995	0.0	0.0
10.0879775390625	-1.4647227E-4	0.0	0.0
9.9366689453125	-0.015105137	0.0	0.0
9.7853603515625	-0.015100102	0.0	0.0
9.634052734375	9.6270227E-4	0.0	0.0
9.482744140625	0.01111628	0.0	0.0
9.331435546875	0.016059605	0.0	0.0
9.180126953125	0.028393658	0.0	0.0
9.0288193359375	0.014627121	0.0	0.0
8.8775107421875	0.021516066	0.0	0.0
8.7262021484375	-9.477368E-4	0.0	0.0
8.5748935546875	0.0055039083	0.0	0.0
8.4235859375	-0.0042477804	0.0	0.0
8.27227734375	0.0019192728	0.0	0.0
8.12096875	-0.03887151	0.0	0.0
7.96966064453125	-0.007714317	0.0	0.0
7.81835205078125	0.011075621	0.0	0.0
7.6670439453125	0.0069629336	0.0	0.0
7.5157353515625	0.016077347	0.0	0.0
7.36442724609375	-3.9932402E-4	0.0	0.0
7.21311865234375	0.029213514	0.0	0.0
7.061810546875	0.0038629547	0.0	0.0
6.910501953125	0.0069294698	0.0	0.0
6.75919384765625	0.014152286	0.0	0.0
6.60788525390625	0.035342652	0.0	0.0
6.4565771484375	0.0139154745	0.0	0.0
6.3052685546875	0.00767174	0.0	0.0
6.15396044921875	0.026138956	0.008131246082484722	0.008131246082484722
6.00265185546875	0.106172025	0.1460500955581665	0.1460500955581665
5.85134375	0.5310409	0.5057888627052307	0.5057888627052307
5.70003515625	0.49505472	0.4027565121650696	0.4027565121650696
5.54872705078125	0.072532885	0.06916400790214539	0.06916400790214539
5.39741845703125	0.019899078	0.002274823375046253	0.002274823375046253
5.2461103515625	0.026904745	0.0	0.0
5.0948017578125	0.014884897	0.0	0.0
4.94349365234375	0.007966223	0.0	0.0
4.79218505859375	0.0017515306	0.0	0.0
4.640876953125	0.0056868135	0.0	0.0
4.489568359375	-5.746836E-5	0.0	0.0
4.33826025390625	9.5139723E-4	0.0	0.0
4.18695166015625	-0.0083311545	0.0	0.0
4.0356435546875	-0.019388674	0.0	0.0
3.884335205078125	0.0019432761	0.0	0.0
3.73302685546875	-0.0033344943	0.0	0.0
3.581718505859375	4.178139E-4	0.0	0.0
3.43041015625	-0.004013127	0.0	0.0
3.279101806640625	2.9862698E-4	0.0	0.0
3.12779345703125	0.0015047983	0.0	0.0
2.976485107421875	-0.0028743728	0.0	0.0
2.8251767578125	0.0010572727	0.0	0.0
2.673868408203125	-0.018233282	0.0	0.0
2.52256005859375	-0.004913215	0.0	0.0
2.371251708984375	-0.00334768	0.0	0.0
2.219943359375	0.0020660835	0.0	0.0
2.068635009765625	0.014485365	0.0	0.0
1.9173267822265625	0.012881462	0.0	0.0
1.7660184326171875	-0.0040545743	0.0	0.0
1.6147100830078125	0.0036841428	0.0	0.0
1.4634017333984375	0.0028437024	0.0	0.0
1.3120933837890625	0.016293349	0.0	0.0
1.1607850341796875	0.013864216	0.0	0.0
1.0094766845703125	0.0029484094	0.0	0.0
0.8581683349609375	-0.0029873452	0.0	0.0
