10.7283134765625	0.0065225842	0.0
10.5770126953125	1.3762937E-4	0.0
10.425712890625	-0.0058580027	0.0
10.274412109375	-0.007135765	0.0
10.1231123046875	-0.012221811	0.0
9.9718125	1.4045721E-4	0.0
9.82051171875	-0.011493285	0.0
9.6692119140625	-0.009392695	0.0
9.5179111328125	0.0055228104	0.0
9.366611328125	-0.006893731	0.0
9.215310546875	-0.009499734	0.0
9.0640107421875	0.015032132	0.0
8.9127099609375	0.012879727	0.0
8.76141015625	-0.0093668895	0.0
8.6101103515625	0.0014255014	0.0
8.4588095703125	-0.0064993794	0.0
8.307509765625	-0.015678264	0.0
8.15620947265625	0.0051791463	0.0
8.0049091796875	-0.0052377866	0.0
7.85360888671875	-0.0071881725	0.0
7.70230859375	7.024604E-4	0.0
7.55100830078125	0.016486663	0.0
7.3997080078125	-2.985775E-4	0.0
7.24840771484375	0.0052527036	0.0
7.097107421875	6.1432633E-4	0.0
6.9458076171875	-0.016439395	0.0
6.79450732421875	0.0012284312	0.0
6.64320703125	-0.0045588682	0.0
6.49190673828125	0.003535896	0.0
6.3406064453125	0.014953227	0.0
6.18930615234375	-0.009214026	0.0010506354738026857
6.038005859375	-0.009805347	0.028036486357450485
5.88670556640625	0.03444892	0.1497371345758438
5.73540576171875	0.044733	0.16745489835739136
5.58410546875	7.243814E-4	0.039600059390068054
5.43280517578125	0.0051807603	0.0018758097430691123
5.2815048828125	0.023434088	0.0
5.13020458984375	-0.0014541296	0.0
4.978904296875	-0.0026563192	0.0
4.82760400390625	-0.003024056	0.0
4.6763037109375	-0.009197066	0.0
4.52500390625	0.009365075	0.0
4.37370361328125	0.00843423	0.0
4.2224033203125	0.0121566225	0.0
4.07110302734375	0.002747733	0.0
3.919802734375	0.024674287	0.0
3.76850244140625	-6.240492E-4	0.0
3.617202392578125	0.0014925626	0.0
3.465902099609375	-0.0074513424	0.0
3.314601806640625	-0.018947572	0.0
3.163301513671875	-0.0031150496	0.0
3.01200146484375	9.09742E-4	0.0
2.860701171875	-0.0069858935	0.0
2.70940087890625	0.01383281	0.0
2.5581005859375	-0.015081822	0.0
2.406800537109375	0.021567686	0.0
2.255500244140625	0.0013927398	0.0
2.104199951171875	0.018159853	0.0
1.9528997802734376	0.0019418149	0.0
1.8015994873046874	-0.021793498	0.0
1.65029931640625	-0.021846933	0.0
1.4989990234375	-0.007944556	0.0
1.3476988525390625	-0.011419946	0.0
1.1963985595703126	-0.02431903	0.0
1.045098388671875	0.003921856	0.0
0.8937981567382812	-0.02790839	0.0
0.7424979248046875	-0.024413873	0.0
