10.843708984375	0.004698807	0.0
10.6705283203125	0.0040339027	0.0
10.49734765625	-0.0013573329	0.0
10.3241669921875	-5.459518E-4	0.0
10.1509853515625	-9.2414534E-4	0.0
9.9778046875	0.0034650895	0.0
9.8046240234375	0.003501652	0.0
9.631443359375	-0.002133418	0.0
9.4582626953125	0.00221637	0.0
9.2850810546875	0.004612218	0.0
9.111900390625	9.991569E-4	0.0
8.9387197265625	2.1538448E-5	0.0
8.7655390625	0.0057002283	0.0
8.5923583984375	0.009934721	0.0
8.419177734375	0.0057088532	0.0
8.24599609375	0.0035863535	0.0
8.0728154296875	5.027237E-4	0.0
7.899634765625	-0.0039323443	0.0
7.72645361328125	-0.005799663	0.0
7.55327294921875	-0.0020876913	0.0
7.38009228515625	4.8007918E-4	0.0
7.2069111328125	-8.309994E-4	0.0
7.03373046875	-0.0015768566	0.0
6.8605498046875	3.9808732E-4	0.0
6.68736865234375	-0.004730609	0.0
6.51418798828125	-0.0103369225	0.0
6.3410068359375	-0.006880936	0.0
6.167826171875	-0.004281187	6.450181535910815E-5
5.9946455078125	-0.0013716788	0.0018873402150347829
5.82146435546875	0.0052888263	0.006899424362927675
5.64828369140625	0.006781322	0.003159166779369116
5.4751025390625	0.00790566	1.808202505344525E-4
5.301921875	0.008336312	0.0
5.1287412109375	0.005038712	0.0
4.95556005859375	-1.0098894E-4	0.0
4.78237939453125	-0.001536988	0.0
4.60919873046875	-0.005988723	0.0
4.436017578125	-0.006782011	0.0
4.2628369140625	-7.96999E-5	0.0
4.089656005859375	0.0039018986	0.0
3.91647509765625	0.0037123922	0.0
3.743294189453125	0.002751087	0.0
3.57011328125	0.002543547	0.0
3.3969326171875	5.1094213E-4	0.0
3.223751708984375	-0.0031865744	0.0
3.05057080078125	-0.0035285144	0.0
2.877389892578125	2.573816E-4	0.0
2.704209228515625	0.0020159131	0.0
2.5310283203125	-0.0026742076	0.0
2.357847412109375	-0.0045883763	0.0
2.18466650390625	2.9743923E-4	0.0
2.0114857177734375	-0.00272929	0.0
1.838304931640625	-0.007877654	0.0
1.6651240234375	-0.005176131	0.0
1.491943115234375	-0.0020727776	0.0
1.3187623291015624	0.0049474807	0.0
1.1455814208984374	0.0016326553	0.0
0.972400634765625	-0.0020158805	0.0
0.7992197875976562	-0.0015427829	0.0
