#xValues(km/s)	yValues(K)	simulate(Show Plot)	simulate(All Species)
10.82326953125	-0.005089502	0.0	0.0
10.644505859375	-0.0074719824	0.0	0.0
10.4657412109375	-0.010402833	0.0	0.0
10.2869775390625	-0.007260226	0.0	0.0
10.1082138671875	0.003580114	0.0	0.0
9.9294501953125	0.005489172	0.0	0.0
9.7506865234375	0.0026990406	0.0	0.0
9.571921875	0.0015392046	0.0	0.0
9.393158203125	0.002402694	0.0	0.0
9.21439453125	-6.661255E-4	0.0	0.0
9.035630859375	-9.0256374E-4	0.0	0.0
8.8568671875	0.0015082321	0.0	0.0
8.6781025390625	-0.0012517035	0.0	0.0
8.4993388671875	-0.0075719985	0.0	0.0
8.3205751953125	-0.009080688	0.0	0.0
8.1418115234375	-0.0031960246	0.0	0.0
7.96304736328125	0.0070813852	0.0	0.0
7.78428369140625	0.0044178674	0.0	0.0
7.60551953125	0.004964767	0.0	0.0
7.426755859375	0.0017385673	0.0	0.0
7.2479921875	0.0022020023	0.0	0.0
7.06922802734375	0.0058070943	0.0	0.0
6.89046435546875	0.0051994715	0.0	0.0
6.7117001953125	0.002251486	0.0	0.0
6.5329365234375	-0.0031727701	0.0	0.0
6.3541728515625	0.0021516497	0.004487538244575262	0.004487538244575262
6.17540869140625	0.16581547	0.14651863276958466	0.14651863276958466
5.99664501953125	0.9889281	1.0100915431976318	1.0100915431976318
5.817880859375	1.6504568	1.6608225107192993	1.6608225107192993
5.6391171875	0.873468	0.8551372289657593	0.8551372289657593
5.460353515625	0.18951634	0.10024967789649963	0.10024967789649963
5.28158935546875	0.01838979	0.00251622567884624	0.00251622567884624
5.10282568359375	2.278376E-4	0.0	0.0
4.9240615234375	-1.4967333E-4	0.0	0.0
4.7452978515625	0.0013009817	0.0	0.0
4.5665341796875	-0.0016454438	0.0	0.0
4.38777001953125	-0.0046001133	0.0	0.0
4.20900634765625	-0.0043230336	0.0	0.0
4.030242431640625	-0.0023394783	0.0	0.0
3.851478515625	-0.0043256297	0.0	0.0
3.672714599609375	-0.007943239	0.0	0.0
3.493950927734375	-0.0050667133	0.0	0.0
3.31518701171875	-0.0017580214	0.0	0.0
3.136423095703125	-3.650041E-4	0.0	0.0
2.9576591796875	0.003078844	0.0	0.0
2.7788955078125	0.0051803244	0.0	0.0
2.600131591796875	0.0032648637	0.0	0.0
2.42136767578125	-0.0014606935	0.0	0.0
2.242603759765625	-0.0033242381	0.0	0.0
2.06383984375	-5.6832266E-4	0.0	0.0
1.8850760498046875	-0.002229659	0.0	0.0
1.706312255859375	-0.002030703	0.0	0.0
1.52754833984375	0.0010913836	0.0	0.0
1.348784423828125	-7.136149E-4	0.0	0.0
1.1700206298828124	9.338258E-4	0.0	0.0
0.9912567749023438	0.0018945307	0.0	0.0
0.812492919921875	6.892369E-4	0.0	0.0
