10.7888125	-6.3345884E-4	0.0
10.6425498046875	-4.6546184E-4	0.0
10.496287109375	0.0026506546	0.0
10.3500234375	-0.001046935	0.0
10.2037607421875	-0.0044298815	0.0
10.057498046875	-0.003990367	0.0
9.9112353515625	-0.00562053	0.0
9.76497265625	-0.0032546804	0.0
9.6187099609375	-3.271455E-4	0.0
9.472447265625	-3.0858882E-4	0.0
9.3261845703125	1.25916085E-5	0.0
9.179921875	0.002263101	0.0
9.0336591796875	0.0024652835	0.0
8.887396484375	0.0057032215	0.0
8.7411337890625	0.0065840557	0.0
8.59487109375	0.0019639002	0.0
8.4486083984375	-0.0013877732	0.0
8.302345703125	-0.003970469	0.0
8.1560830078125	-0.0029595827	0.0
8.0098203125	-0.002376455	0.0
7.8635576171875	1.17258554E-4	0.0
7.717294921875	-0.0012200711	0.0
7.5710322265625	2.1563821E-4	0.0
7.42476904296875	0.0047746785	0.0
7.27850634765625	0.0040652053	0.0
7.13224365234375	0.0036587825	0.0
6.98598095703125	0.0054738726	0.0
6.83971826171875	0.005358068	0.0
6.69345556640625	0.003986405	0.0
6.54719287109375	0.0025413735	0.0
6.40093017578125	4.1220084E-4	5.619085277430713E-4
6.25466748046875	0.006105774	0.014954214915633202
6.10840478515625	0.13339567	0.149155855178833
5.96214208984375	0.5631285	0.5444831848144531
5.81587939453125	0.8366769	0.7744821310043335
5.66961669921875	0.37118766	0.4589797556400299
5.52335400390625	0.04937261	0.10384953767061234
5.3770908203125	0.007100507	0.008611460216343403
5.230828125	0.0052040196	2.688996319193393E-4
5.0845654296875	-3.8211764E-4	0.0
4.938302734375	-8.4651576E-4	0.0
4.7920400390625	4.202196E-4	0.0
4.64577734375	-0.0019225313	0.0
4.4995146484375	-0.0013085111	0.0
4.353251953125	-3.2168208E-4	0.0
4.2069892578125	0.0011919403	0.0
4.0607265625	0.0025937972	0.0
3.9144638671875	-0.0011108043	0.0
3.768200927734375	0.0021097295	0.0
3.621938232421875	0.0049698805	0.0
3.475675537109375	0.005552919	0.0
3.329412841796875	0.003760354	0.0
3.183150146484375	0.0015789032	0.0
3.036887451171875	0.0016966535	0.0
2.89062451171875	-3.855462E-4	0.0
2.74436181640625	-7.7603466E-4	0.0
2.59809912109375	-0.003198891	0.0
2.45183642578125	-0.0035522047	0.0
2.30557373046875	-0.0023101475	0.0
2.15931103515625	-0.00824012	0.0
2.0130482177734375	-0.009172019	0.0
1.8667855224609375	-0.0048596426	0.0
1.7205228271484374	-1.3537402E-4	0.0
1.574260009765625	-0.0013272853	0.0
1.427997314453125	-0.0032593794	0.0
1.281734619140625	-0.0016013646	0.0
1.1354718017578125	0.0011948919	0.0
0.9892091064453125	0.0013542153	0.0
0.8429464111328125	0.003342313	0.0
