#xValues(km/s)	yValues(K)	simulate(Show Plot)	simulate(All Species)
10.7685703125	-0.002329157	0.0	0.0
10.66801171875	-0.014226873	0.0	0.0
10.567453125	-0.03080978	0.0	0.0
10.4668935546875	-0.033631876	0.0	0.0
10.3663349609375	0.051778574	0.0	0.0
10.2657763671875	-0.035480563	0.0	0.0
10.165216796875	-0.0253367	0.0	0.0
10.064658203125	0.015741557	0.0	0.0
9.964099609375	0.001147999	0.0	0.0
9.863541015625	0.079260744	0.0	0.0
9.7629814453125	-0.001398867	0.0	0.0
9.6624228515625	0.015563289	0.0	0.0
9.5618642578125	-0.0105072595	0.0	0.0
9.4613046875	-0.04366756	0.0	0.0
9.36074609375	-0.018696578	0.0	0.0
9.2601875	-0.071596175	0.0	0.0
9.15962890625	-0.070190154	0.0	0.0
9.0590693359375	-0.036144905	0.0	0.0
8.9585107421875	0.04361236	0.0	0.0
8.8579521484375	0.022871042	0.0	0.0
8.757392578125	0.0073695253	0.0	0.0
8.656833984375	0.013319012	0.0	0.0
8.556275390625	0.050588038	0.0	0.0
8.455716796875	5.755946E-4	0.0	0.0
8.3551572265625	0.0064259907	0.0	0.0
8.2545986328125	-0.053444356	0.0	0.0
8.15403955078125	-0.021694137	0.0	0.0
8.05348095703125	0.0019258348	0.0	0.0
7.952921875	-0.010148601	0.0	0.0
7.85236328125	0.008263369	0.0	0.0
7.75180419921875	-0.012691214	0.0	0.0
7.65124560546875	0.013844917	0.0	0.0
7.5506865234375	-0.03306218	0.0	0.0
7.45012744140625	-0.008699561	0.0	0.0
7.34956884765625	-0.018195229	0.0	0.0
7.249009765625	0.008474408	0.0	0.0
7.148451171875	0.04127257	0.0	0.0
7.04789208984375	0.029207705	0.0	0.0
6.94733349609375	-0.017659754	0.0	0.0
6.8467744140625	-0.018543253	0.0	0.0
6.74621533203125	-0.07893689	0.0	0.0
6.64565673828125	-0.0021530176	0.0	0.0
6.54509765625	0.011391823	0.0	0.0
6.4445390625	0.029478004	0.0	0.0
6.34397998046875	-0.02198493	5.491534830071032E-5	5.491534830071032E-5
6.24342138671875	0.016824396	4.496929468587041E-4	4.496929468587041E-4
6.1428623046875	0.047810607	0.0023337460588663816	0.0023337460588663816
6.04230322265625	-0.005481296	0.007673157844692469	0.007673157844692469
5.94174462890625	0.03361264	0.015984905883669853	0.015984905883669853
5.841185546875	-0.0023086623	0.021118950098752975	0.021118950098752975
5.740626953125	0.001844629	0.01771027408540249	0.01771027408540249
5.64006787109375	0.018449286	0.00942152924835682	0.00942152924835682
5.53950927734375	-0.1095483	0.0031760800629854202	0.0031760800629854202
5.4389501953125	-0.047021557	6.78307085763663E-4	6.78307085763663E-4
5.33839111328125	-0.010548636	9.180117194773629E-5	9.180117194773629E-5
5.23783251953125	0.03152797	7.875016308389604E-6	7.875016308389604E-6
5.1372734375	0.02822202	0.0	0.0
5.03671484375	0.026968453	0.0	0.0
4.93615576171875	0.034709785	0.0	0.0
4.83559716796875	0.028884137	0.0	0.0
4.7350380859375	0.02536841	0.0	0.0
4.63447900390625	-0.0028374668	0.0	0.0
4.53392041015625	-0.0021691623	0.0	0.0
4.433361328125	-0.0371739	0.0	0.0
4.332802734375	-0.015687611	0.0	0.0
4.23224365234375	0.017059023	0.0	0.0
4.1316845703125	0.018011162	0.0	0.0
4.0311259765625	-0.03380666	0.0	0.0
3.930567138671875	-0.016605914	0.0	0.0
3.83000830078125	0.005930829	0.0	0.0
3.72944921875	-0.040920485	0.0	0.0
3.628890380859375	0.03601739	0.0	0.0
3.52833154296875	-0.027538732	0.0	0.0
3.427772705078125	-0.06634554	0.0	0.0
3.3272138671875	0.00799771	0.0	0.0
3.226655029296875	0.010542063	0.0	0.0
3.12609619140625	-0.0541637	0.0	0.0
3.025537109375	-0.042938735	0.0	0.0
2.924978271484375	-0.050886467	0.0	0.0
2.82441943359375	0.04991171	0.0	0.0
2.723860595703125	-0.010049511	0.0	0.0
2.6233017578125	-0.037571806	0.0	0.0
2.522742919921875	-0.009496441	0.0	0.0
2.42218408203125	-0.0023802973	0.0	0.0
2.321625	-0.0061552078	0.0	0.0
2.221066162109375	0.053189717	0.0	0.0
2.12050732421875	0.042674046	0.0	0.0
2.019948486328125	0.008078433	0.0	0.0
1.9193896484375	-0.0010110125	0.0	0.0
1.8188306884765626	0.00990711	0.0	0.0
1.7182718505859376	0.037626524	0.0	0.0
1.6177130126953125	0.039369646	0.0	0.0
1.517154052734375	0.013966822	0.0	0.0
1.41659521484375	-0.019680232	0.0	0.0
1.316036376953125	-0.049159493	0.0	0.0
1.2154775390625	-0.057682335	0.0	0.0
1.1149185791015626	-0.04393544	0.0	0.0
1.0143597412109375	0.027994258	0.0	0.0
0.9138008422851562	0.085263506	0.0	0.0
0.8132420043945312	0.03957672	0.0	0.0
