#xValues(km/s)	yValues(K)	simulate(Show Plot)	simulate(All Species)
10.772001953125	0.0060127047	0.0	0.0
10.5949013671875	0.0037637723	0.0	0.0
10.4177998046875	0.003194122	0.0	0.0
10.2406982421875	0.0054253065	0.0	0.0
10.06359765625	0.003279345	0.0	0.0
9.88649609375	0.0011986222	0.0	0.0
9.70939453125	0.002264775	0.0	0.0
9.5322939453125	0.0017990299	0.0	0.0
9.3551923828125	-0.0038120397	4.540839290712029E-5	0.0
9.178091796875	-0.005718772	0.0013244887813925743	0.0
9.000990234375	-0.0031947969	0.00439030397683382	0.0
8.823888671875	-0.0038402271	0.0016551129519939423	0.0
8.6467880859375	-0.0059086005	7.091276347637177E-5	0.0
8.4696865234375	-0.0037369072	0.0	0.0
8.2925849609375	-0.0015232879	0.0	0.0
8.11548388671875	0.004098186	0.0	0.0
7.9383828125	0.0018761449	0.0	0.0
7.76128173828125	0.0015869181	0.0	0.0
7.5841806640625	5.3398137E-4	0.0	0.0
7.4070791015625	-4.198211E-4	0.0	0.0
7.22997802734375	3.0825683E-4	0.0	0.0
7.052876953125	3.40771E-4	0.0	0.0
6.87577587890625	0.0011454766	0.0	0.0
6.69867431640625	4.6404195E-4	0.0	0.0
6.5215732421875	-7.738109E-4	0.0	0.0
6.34447216796875	-0.0033614156	0.0	0.0
6.16737109375	-0.0035521802	1.0918889893218875E-4	0.0
5.99026953125	-0.0047226367	0.0033480324782431126	0.0
5.81316845703125	-0.0062354435	0.011662782169878483	0.0
5.6360673828125	-4.4774296E-4	0.004625579807907343	0.0
5.4589658203125	0.008814691	2.084709849441424E-4	0.0
5.28186474609375	0.0077579846	0.0	0.0
5.104763671875	-0.0018710204	0.0	0.0
4.92766259765625	0.001458836	0.0	0.0
4.75056103515625	0.007825134	0.0	0.0
4.5734599609375	0.001181581	0.0	0.0
4.39635888671875	-0.003629613	0.0	0.0
4.2192578125	-0.008126408	0.0	0.0
4.042156494140625	-0.009246989	0.0	0.0
3.86505517578125	-0.0028419176	0.0	0.0
3.6879541015625	-0.0021923026	0.0	0.0
3.510852783203125	-0.002280895	0.0	0.0
3.333751708984375	3.0647824E-4	0.0	0.0
3.156650390625	0.0038038734	0.0	0.0
2.979549072265625	0.0025294323	4.744252692034934E-6	0.0
2.802447998046875	0.0012523338	3.7283747224137187E-4	0.0
2.6253466796875	0.0016698171	0.003329728962853551	0.0
2.44824560546875	0.0040726545	0.0033813470508903265	0.0
2.271144287109375	0.010720357	3.904527984559536E-4	0.0
2.094043212890625	0.0128130745	5.123707524035126E-6	0.0
1.9169420166015625	0.005411856	0.0	0.0
1.7398408203125	-5.315558E-4	0.0	0.0
1.5627396240234375	-0.0033838938	0.0	0.0
1.3856383056640624	-0.0010221668	0.0	0.0
1.208537109375	-0.005637421	0.0	0.0
1.0314359130859374	-0.006051641	0.0	0.0
0.8543347778320313	-0.006541282	0.0	0.0
