10.7632490234375	0.022447608	4.829003592021763E-5
10.6634736328125	0.046248652	3.210374852642417E-4
10.56369921875	0.010846778	0.0012086537899449468
10.463923828125	-0.0190447	0.002281874418258667
10.3641494140625	-0.023491684	0.0021608038805425167
10.2643740234375	-0.031834617	0.0010262688156217337
10.164599609375	-0.012780249	2.4442156427539885E-4
10.06482421875	-0.027039604	2.918982136179693E-5
9.9650498046875	0.0038186072	1.748118279465416E-6
9.8652744140625	0.074467674	0.0
9.7655	0.023820376	0.0
9.665724609375	-0.007849896	0.0
9.5659501953125	-0.027445635	0.0
9.4661748046875	0.0053653847	0.0
9.366400390625	0.060914036	0.0
9.266625	0.061697092	0.0
9.1668505859375	-0.0027455303	0.0
9.067076171875	0.03823441	0.0
8.96730078125	-0.010779106	0.0
8.8675263671875	0.0027648648	0.0
8.7677509765625	-6.283784E-4	0.0
8.6679765625	0.027252287	0.0
8.568201171875	0.03928815	0.0
8.4684267578125	0.061503742	0.0
8.3686513671875	0.023395011	0.0
8.268876953125	-0.010450415	0.0
8.16910205078125	-0.014259356	0.0
8.0693271484375	-0.01896736	0.0
7.96955224609375	-0.017768607	0.0
7.86977734375	-0.015293763	0.0
7.77000244140625	0.046374325	0.0
7.6702275390625	-0.008951975	0.0
7.57045263671875	-0.014104678	0.0
7.470677734375	0.009106653	0.0
7.37090283203125	0.032714345	0.0
7.2711279296875	-0.0065158005	0.0
7.17135302734375	-0.03380676	0.0
7.071578125	-0.020630147	0.0
6.97180322265625	-0.029321102	0.0
6.8720283203125	-0.008101247	0.0
6.77225341796875	0.006863826	0.0
6.672478515625	-0.04453753	0.0
6.57270361328125	0.023056652	0.0
6.47292919921875	0.017111227	0.0
6.373154296875	0.06857319	0.0
6.27337939453125	-0.01197786	4.114255261811195E-6
6.1736044921875	0.0469447	7.700259448029101E-5
6.07382958984375	0.04536892	7.226814632304013E-4
5.9740546875	-0.018851351	0.0034003127366304398
5.87427978515625	0.032550003	0.008020995184779167
5.7745048828125	0.043735135	0.009493081830441952
5.67472998046875	0.020233786	0.0056389993987977505
5.574955078125	-0.012441892	0.0016798406140878797
5.47518017578125	-8.797297E-4	2.5086035020649433E-4
5.3754052734375	-0.012441892	1.8783715859171934E-5
5.27563037109375	-0.034435134	0.0
5.17585546875	-0.016192827	0.0
5.07608056640625	0.0070571727	0.0
4.9763056640625	0.020881498	0.0
4.87653076171875	0.059763618	0.0
4.776755859375	0.073125355	0.0
4.6769814453125	-3.0935553E-4	0.0
4.57720654296875	0.021413201	0.0
4.477431640625	0.002039813	0.0
4.37765673828125	0.017874949	0.0
4.2778818359375	-0.023453014	0.0
4.17810693359375	0.015651455	0.0
4.07833203125	-0.053818192	0.0
3.97855712890625	-0.0061581084	0.0
3.8787822265625	0.011465489	0.0
3.77900732421875	-0.0043213097	0.0
3.679232421875	-0.012722245	0.0
3.57945751953125	0.0678262	0.0
3.4796826171875	0.016676195	0.0
3.37990771484375	0.018435655	0.0
3.280133056640625	0.029214762	0.0
3.180358154296875	-0.0039346153	0.0
3.080583251953125	0.0077242204	0.0
2.980808349609375	0.01091445	0.0
2.881033447265625	-0.015052079	0.0
2.781258544921875	-0.013853327	0.0
2.681483642578125	-0.04696404	0.0
2.581708740234375	-0.062818505	0.0
2.481933837890625	-0.08633919	0.0
2.3821591796875	-0.07792859	0.0
2.28238427734375	0.013050936	0.0
2.182609375	-0.03968451	0.0
2.08283447265625	-0.011359148	0.0
1.9830595703125	-0.010856445	0.0
1.88328466796875	-0.0038766114	0.0
1.783509765625	-0.014201352	0.0
1.6837349853515624	0.0015274428	0.0
1.5839600830078124	-0.031505927	0.0
1.4841851806640625	-0.03340073	0.0
1.3844102783203125	0.04020655	0.0
1.284635498046875	0.050482955	1.335185856987664E-6
1.184860595703125	-0.029176094	2.8614567781914957E-5
1.085085693359375	0.036445946	3.075279819313437E-4
0.9853108520507813	-9.860707E-4	0.0016572590684518218
0.8855359497070312	-0.026295219	0.00447786645963788
0.7857610473632812	0.010808108	0.006068882532417774
