#xValues(km/s)	yValues(K)	simulate(Show Plot)	simulate(All Species)
10.832380859375	7.8930624E-4	0.0	0.0
10.6553623046875	0.0055728606	0.0	0.0
10.47834375	0.0047062016	0.0	0.0
10.3013251953125	0.0027084958	0.0	0.0
10.124306640625	-0.0029669516	0.0	0.0
9.9472880859375	-0.0063651735	0.0	0.0
9.77026953125	-0.0023763743	0.0	0.0
9.5932509765625	0.0045143142	0.0	0.0
9.416232421875	0.0043274295	0.0	0.0
9.2392138671875	7.0071185E-4	0.0	0.0
9.0621953125	-4.5732345E-4	0.0	0.0
8.8851767578125	-9.072932E-4	0.0	0.0
8.708158203125	0.0026000852	0.0	0.0
8.5311396484375	0.0070576896	0.0	0.0
8.35412109375	0.008394771	0.0	0.0
8.1771025390625	0.0032412114	0.0	0.0
8.000083984375	-9.919758E-4	0.0	0.0
7.8230654296875	-0.0026357637	0.0	0.0
7.646046875	0.0027506913	0.0	0.0
7.4690283203125	0.0037733957	0.0	0.0
7.292009765625	-0.0052858894	0.0	0.0
7.1149912109375	-0.0080118235	0.0	0.0
6.93797265625	-0.001992238	0.0	0.0
6.7609541015625	-0.004006151	0.0	0.0
6.583935546875	-0.0051673227	0.0	0.0
6.4069169921875	-0.0052221916	0.0	0.0
6.2298984375	-0.0023399459	7.960446055221837E-6	0.0
6.0528798828125	0.0021912714	5.253698909655213E-4	0.0
5.875861328125	0.004040997	0.003947983495891094	0.0
5.6988427734375	0.00479937	0.0033805540297180414	0.0
5.52182421875	0.0031491958	3.2978656236082315E-4	0.0
5.3448056640625	7.635486E-5	3.6633211948355893E-6	0.0
5.167787109375	0.0023505664	0.0	0.0
4.9907685546875	-0.0011659951	0.0	0.0
4.81375	-0.002592183	0.0	0.0
4.6367314453125	-0.0027714085	0.0	0.0
4.459712890625	-0.001042569	0.0	0.0
4.2826943359375	0.004999532	0.0	0.0
4.10567578125	0.0075032255	0.0	0.0
3.9286572265625	0.0031431057	0.0	0.0
3.751638671875	2.4005561E-4	0.0	0.0
3.5746201171875	0.0011324495	0.0	0.0
3.3976015625	-0.0010351837	0.0	0.0
3.2205830078125	-0.0053988476	0.0	0.0
3.043564453125	-0.0027250263	0.0	0.0
2.8665458984375	0.004341342	0.0	0.0
2.68952734375	0.001208574	0.0	0.0
2.5125087890625	-0.005317803	0.0	0.0
2.335490234375	-0.0020852888	0.0	0.0
2.1584716796875	0.0074797175	0.0	0.0
1.9814530029296875	0.009063665	0.0	0.0
1.8044344482421875	0.007129432	0.0	0.0
1.6274158935546874	0.003979541	0.0	0.0
1.4503973388671876	0.003813366	0.0	0.0
1.2733787841796875	0.0012202283	0.0	0.0
1.0963602294921875	1.3248203E-4	0.0	0.0
0.9193417358398438	-0.0056091384	0.0	0.0
0.7423231811523437	-0.006960321	0.0	0.0
