10.8732177734375	0.012887816	0.0
10.7172626953125	0.010828125	0.0
10.5613076171875	0.006475189	0.0
10.4053525390625	-3.7374772E-4	0.0
10.2493984375	-0.004777596	0.0
10.093443359375	0.0066738706	0.0
9.93748828125	-0.0015345662	0.0
9.781533203125	-0.004000734	0.0
9.6255791015625	0.0026656312	0.0
9.4696240234375	0.0034162523	0.0
9.3136689453125	-0.0048640464	0.0
9.1577138671875	0.0017876518	0.0
9.001759765625	0.007240748	0.0
8.8458046875	8.9981745E-4	0.0
8.689849609375	-0.00329809	0.0
8.5338955078125	-0.0037918447	0.0
8.3779404296875	-0.0035586036	0.0
8.2219853515625	-0.0040860893	0.0
8.06603076171875	0.0058185123	0.0
7.91007568359375	0.0033699346	0.0
7.75412109375	0.008206637	0.0
7.598166015625	0.0045477543	0.0
7.44221142578125	0.010245444	0.0
7.28625634765625	0.0050458373	0.0
7.1303017578125	0.005325599	0.0
6.9743466796875	-0.0015340319	0.0
6.81839208984375	-0.001085455	0.0
6.66243701171875	0.0014694681	0.0
6.506482421875	-0.013339478	0.0
6.35052734375	-0.02039877	0.0
6.19457275390625	-9.628585E-4	1.8863163859350607E-5
6.0386181640625	0.00621328	5.783623782917857E-4
5.8826630859375	0.0024480938	0.0032836145255714655
5.72670849609375	-0.0072624288	0.003454174380749464
5.57075341796875	0.006754063	6.732876063324511E-4
5.414798828125	0.0067991475	2.4301016310346313E-5
5.25884375	-0.0027821995	0.0
5.10288916015625	-0.006541435	0.0
4.94693408203125	-0.004837619	0.0
4.7909794921875	0.001740722	0.0
4.6350244140625	7.283824E-4	0.0
4.47906982421875	7.14136E-4	0.0
4.32311474609375	-0.0034718285	0.0
4.16716015625	-0.009973342	0.0
4.011205322265625	-0.005908237	0.0
3.85525048828125	0.0078011537	0.0
3.699295654296875	-0.0036134447	0.0
3.5433408203125	-0.011395368	0.0
3.387385986328125	0.0037418976	0.0
3.23143115234375	0.006313978	0.0
3.075476318359375	-5.757534E-4	0.0
2.919521484375	0.0019498861	0.0
2.763566650390625	-2.6070818E-4	0.0
2.60761181640625	-0.010492697	0.0
2.451656982421875	-0.013766939	0.0
2.2957021484375	0.00434802	0.0
2.139747314453125	0.0027922783	0.0
1.9837926025390624	-0.003588953	0.0
1.8278377685546876	0.0014568311	0.0
1.6718829345703126	0.0050129155	0.0
1.5159281005859375	0.00415095	0.0
1.359973388671875	-8.27133E-4	0.0
1.2040185546875	0.0023086634	0.0
1.048063720703125	-0.0028064656	0.0
0.89210888671875	-0.005559721	0.0
0.736154052734375	-8.1247286E-5	0.0
