10.7551943359375	-0.007975572	0.0
10.65541796875	-0.029833471	0.0
10.5556416015625	0.031119231	0.0
10.4558642578125	0.005694075	0.0
10.356087890625	-0.0032288982	0.0
10.2563115234375	0.013882329	0.0
10.1565341796875	-0.010750104	0.0
10.0567578125	-0.047872767	0.0
9.9569814453125	-0.034850832	0.0
9.857205078125	-0.042314034	0.0
9.757427734375	0.026092203	0.0
9.6576513671875	-0.010440749	0.0
9.557875	0.044614866	0.0
9.45809765625	0.082755595	0.0
9.3583212890625	0.0027648648	0.0
9.258544921875	-0.008487942	0.0
9.158767578125	0.01632817	0.0
9.0589912109375	0.0060517676	0.0
8.95921484375	0.015438774	0.0
8.8594375	-0.015139085	0.0
8.7596611328125	-0.0038476093	0.0
8.659884765625	0.052058734	0.0
8.5601083984375	0.019412057	0.0
8.4603310546875	-0.018919023	0.0
8.3605546875	0.021548545	0.0
8.2607783203125	0.050038256	0.0
8.16100146484375	0.0019044699	0.0
8.061224609375	-0.006641476	0.0
7.96144775390625	-0.02222526	0.0
7.86167138671875	-9.860707E-4	0.0
7.76189453125	-0.03830208	0.0
7.66211767578125	-0.018870685	0.0
7.56234130859375	0.044759877	0.0
7.462564453125	0.0072311857	0.0
7.3627880859375	0.012306549	0.0
7.26301123046875	-0.0721475	0.0
7.163234375	-0.020485137	0.0
7.0634580078125	-0.020098442	0.0
6.96368115234375	-0.04912952	0.0
6.863904296875	-0.04262339	0.0
6.7641279296875	0.0063611227	0.0
6.66435107421875	0.022041582	0.0
6.56457470703125	-0.0017401249	0.0
6.4647978515625	-0.0366973	0.0
6.36502099609375	-0.009319335	0.0
6.26524462890625	0.0052397093	2.011534888879396E-6
6.1654677734375	-0.041289292	3.558999014785513E-5
6.06569091796875	0.017497921	3.1576547189615667E-4
5.96591455078125	0.082723506	0.0014047576114535332
5.8661376953125	-7.8305614E-4	0.003133632941171527
5.766361328125	-0.02035946	0.0035062239039689302
5.66658447265625	0.026952598	0.0019679320976138115
5.5668076171875	0.047234718	5.538924597203732E-4
5.46703125	-0.001479106	8.10243291198276E-5
5.36725439453125	0.022447608	4.829003592021763E-5
5.2674775390625	0.046248652	3.210374852642417E-4
5.167701171875	0.010846778	0.0012086537899449468
5.06792431640625	-0.0190447	0.002281874418258667
4.96814794921875	-0.023491684	0.0021608038805425167
4.86837109375	-0.031834617	0.0010262688156217337
4.76859423828125	-0.012780249	2.4442156427539885E-4
4.66881787109375	-0.027039604	2.918982136179693E-5
4.569041015625	0.0038186072	1.748118279465416E-6
4.46926416015625	0.074467674	0.0
4.36948779296875	0.023820376	0.0
4.2697109375	-0.007849896	0.0
4.1699345703125	-0.027445635	0.0
4.07015771484375	0.0053653847	0.0
3.970381103515625	0.060914036	0.0
3.870604248046875	0.061697092	0.0
3.77082763671875	-0.0027455303	0.0
3.671051025390625	0.03823441	0.0
3.5712744140625	-0.010779106	0.0
3.471497802734375	0.0027648648	0.0
3.371720947265625	-6.283784E-4	0.0
3.2719443359375	0.027252287	0.0
3.172167724609375	0.03928815	0.0
3.07239111328125	0.061503742	0.0
2.9726142578125	0.023395011	0.0
2.872837646484375	-0.010450415	0.0
2.77306103515625	-0.014259356	0.0
2.673284423828125	-0.01896736	0.0
2.573507568359375	-0.017768607	0.0
2.47373095703125	-0.015293763	0.0
2.373954345703125	0.046374325	0.0
2.274177734375	-0.008951975	0.0
2.17440087890625	-0.014104678	0.0
2.074624267578125	0.009106653	0.0
1.97484765625	0.032714345	0.0
1.8750709228515625	-0.0065158005	0.0
1.7752943115234374	-0.03380676	0.0
1.675517578125	-0.020630147	0.0
1.575740966796875	-0.029321102	0.0
1.4759642333984375	-0.008101247	0.0
1.3761876220703124	0.006863826	0.0
1.276410888671875	-0.04453753	0.0
1.17663427734375	0.023056652	0.0
1.0768575439453125	0.017111227	0.0
0.9770808715820313	0.06857319	0.0
0.8773042602539063	-0.01197786	4.114255261811195E-6
0.777527587890625	0.0469447	7.700259448029101E-5
