#xValues(km/s)	yValues(K)	simulate(Show Plot)	simulate(All Species)
10.731111328125	-0.0166246	0.0	0.0
10.578580078125	-0.014234453	0.0	0.0
10.4260478515625	0.006134497	0.0	0.0
10.2735166015625	-3.2105172E-4	0.0	0.0
10.120984375	6.091586E-5	0.0	0.0
9.968453125	-0.017671458	0.0	0.0
9.8159208984375	-0.00546617	0.0	0.0
9.6633896484375	-0.017880052	0.0	0.0
9.510857421875	-0.035742227	0.0	0.0
9.358326171875	0.008020926	0.0	0.0
9.205794921875	-0.0044657793	0.0	0.0
9.0532626953125	0.0026080206	0.0	0.0
8.9007314453125	-0.013192176	0.0	0.0
8.74819921875	0.013325559	0.0	0.0
8.59566796875	-0.0046486575	0.0	0.0
8.4431357421875	0.022848338	0.0	0.0
8.2906044921875	-0.009270005	0.0	0.0
8.138072265625	-0.005464261	0.0	0.0
7.98554052734375	0.0036031895	0.0	0.0
7.8330087890625	-0.004241556	0.0	0.0
7.68047705078125	0.001216066	0.0	0.0
7.5279453125	-0.004715843	0.0	0.0
7.37541357421875	0.002230227	0.0	0.0
7.2228818359375	0.02068272	0.0	0.0
7.07035009765625	-0.0069811237	0.0	0.0
6.917818359375	-0.013620291	0.0	0.0
6.76528662109375	-0.013138884	0.0	0.0
6.6127548828125	-0.0017514924	0.0	0.0
6.46022314453125	0.007613172	0.0	0.0
6.30769140625	-2.9319507E-4	0.0	0.0
6.15515966796875	-0.008869217	0.0	0.0
6.00262841796875	-0.0054413066	6.684869294986129E-4	6.684869294986129E-4
5.8500966796875	0.012692942	0.014947929419577122	0.014947929419577122
5.69756494140625	0.025268335	0.017673753201961517	0.017673753201961517
5.545033203125	-0.02169614	0.0011056060902774334	0.0011056060902774334
5.39250146484375	0.013288834	0.0	0.0
5.2399697265625	0.0044771363	0.0	0.0
5.08743798828125	-0.0075911465	0.0	0.0
4.93490625	-9.028022E-4	0.0	0.0
4.78237451171875	-1.07165906E-4	0.0	0.0
4.6298427734375	0.0029789852	0.0	0.0
4.47731103515625	5.099025E-4	0.0	0.0
4.324779296875	-6.307423E-4	0.0	0.0
4.17224755859375	-0.020594792	0.0	0.0
4.0197158203125	-0.00794709	0.0	0.0
3.86718408203125	0.005727508	0.0	0.0
3.71465234375	0.005825848	0.0	0.0
3.56212060546875	-0.0054624192	0.0	0.0
3.4095888671875	-0.004286145	0.0	0.0
3.25705712890625	-9.240426E-4	0.0	0.0
3.104525390625	0.01053466	0.0	0.0
2.95199365234375	0.006695949	0.0	0.0
2.7994619140625	0.004327223	0.0	0.0
2.64693017578125	-0.005747656	0.0	0.0
2.4943984375	0.0068829134	0.0	0.0
2.34186669921875	-0.0033820788	0.0	0.0
2.1893349609375	-0.0023507108	0.0	0.0
2.0368033447265623	0.034766708	0.0	0.0
1.8842716064453124	-0.0150005035	0.0	0.0
1.7317398681640626	0.0019470447	0.0	0.0
1.5792081298828125	0.0027717494	0.0	0.0
1.4266763916015626	0.0073262327	0.0	0.0
1.2741446533203125	-0.009264703	0.0	0.0
1.1216129150390626	-0.0017290998	0.0	0.0
0.9690811767578125	-0.014882696	0.0	0.0
0.8165494995117187	-0.0064670946	0.0	0.0
