#xValues(km/s)	yValues(K)	simulate(Show Plot)	simulate(All Species)
10.7739775390625	0.0069055837	0.0	0.0
10.6175625	-0.0030172833	0.0	0.0
10.4611474609375	-2.6560389E-4	0.0	0.0
10.304732421875	-0.006137855	0.0	0.0
10.1483173828125	-0.00591904	0.0	0.0
9.99190234375	0.007351835	0.0	0.0
9.8354873046875	-0.0014441687	0.0	0.0
9.679072265625	5.5493874E-4	0.0	0.0
9.5226572265625	0.0070434944	0.0	0.0
9.3662412109375	-5.44018E-4	0.0	0.0
9.209826171875	-0.00423683	0.0	0.0
9.0534111328125	0.014400794	0.0	0.0
8.89699609375	-0.002882408	0.0	0.0
8.7405810546875	-0.0034930075	0.0	0.0
8.584166015625	-0.004698431	0.0	0.0
8.4277509765625	-0.00211465	0.0	0.0
8.2713359375	0.0034836456	0.0	0.0
8.11492041015625	0.0010357852	0.0	0.0
7.95850537109375	-0.0048151067	0.0	0.0
7.80208984375	0.0042098057	0.0	0.0
7.6456748046875	0.0028716805	0.0	0.0
7.489259765625	-0.010599155	0.0	0.0
7.3328447265625	0.0010822422	0.0	0.0
7.1764296875	-6.4827054E-4	0.0	0.0
7.02001416015625	6.227698E-4	0.0	0.0
6.86359912109375	-0.011284124	0.0	0.0
6.70718408203125	-0.001157032	0.0	0.0
6.55076904296875	-8.7765086E-4	0.0	0.0
6.394353515625	0.013885359	0.0	0.0
6.2379384765625	4.485687E-5	0.0	0.0
6.0815234375	-0.010458535	3.239431680412963E-5	3.239431680412963E-5
5.9251083984375	-0.010345775	0.0035925370175391436	0.0035925370175391436
5.768693359375	0.014196256	0.01807156577706337	0.01807156577706337
5.61227783203125	-0.008970261	0.0041357423178851604	0.0041357423178851604
5.45586279296875	-0.00626871	4.293474194128066E-5	4.293474194128066E-5
5.29944775390625	0.013610678	0.0	0.0
5.14303271484375	2.6726606E-4	0.0	0.0
4.9866171875	0.007372865	0.0	0.0
4.8302021484375	-0.0069087553	0.0	0.0
4.673787109375	-0.002469453	0.0	0.0
4.5173720703125	-0.004878716	0.0	0.0
4.36095654296875	0.004845983	0.0	0.0
4.20454150390625	-0.013004257	0.0	0.0
4.04812646484375	0.0026033511	0.0	0.0
3.891711181640625	-0.0030892608	0.0	0.0
3.735296142578125	0.015280533	0.0	0.0
3.578881103515625	0.001880666	0.0	0.0
3.4224658203125	0.005593481	0.0	0.0
3.26605078125	-0.0062191174	0.0	0.0
3.109635498046875	4.786586E-4	0.0	0.0
2.953220458984375	-6.3062843E-4	0.0	0.0
2.79680517578125	-0.011669996	0.0	0.0
2.64039013671875	0.0047939215	0.0	0.0
2.483974853515625	-0.0056888014	0.0	0.0
2.327559814453125	-0.010461479	0.0	0.0
2.17114453125	0.0053353044	0.0	0.0
2.0147294921875	0.002799683	0.0	0.0
1.8583143310546875	0.0025970088	0.0	0.0
1.701899169921875	-0.021252405	0.0	0.0
1.5454840087890624	-0.00470406	0.0	0.0
1.38906884765625	-0.004458162	0.0	0.0
1.2326536865234374	6.745104E-4	0.0	0.0
1.076238525390625	-0.0025413758	0.0	0.0
0.9198234252929688	-0.0054767416	0.0	0.0
0.7634082641601563	-0.002974214	0.0	0.0
