#xValues(km/s)	yValues(K)	simulate(Show Plot)	simulate(All Species)
10.83630078125	-0.0024155604	0.0	0.0
10.67991015625	0.0042409804	0.0	0.0
10.5235185546875	-7.242237E-5	0.0	0.0
10.367126953125	0.0047161095	0.0	0.0
10.210736328125	-0.0042285207	0.0	0.0
10.0543447265625	0.007693811	0.0	0.0
9.8979541015625	0.0027995626	0.0	0.0
9.7415625	-0.0018211603	0.0	0.0
9.5851708984375	0.0010846133	0.0	0.0
9.4287802734375	0.003724449	0.0	0.0
9.272388671875	-0.0121352235	0.0	0.0
9.115998046875	-0.013266817	0.0	0.0
8.9596064453125	0.005812206	0.0	0.0
8.80321484375	-0.0030926575	0.0	0.0
8.64682421875	1.2271899E-5	0.0	0.0
8.4904326171875	0.012643847	0.0	0.0
8.3340419921875	-0.013766277	0.0	0.0
8.177650390625	-0.012762467	0.0	0.0
8.02125927734375	-0.019943638	0.0	0.0
7.8648681640625	0.007754978	0.0	0.0
7.7084765625	0.014106702	0.0	0.0
7.55208544921875	0.012999629	0.0	0.0
7.3956943359375	0.005126755	0.0	0.0
7.23930322265625	-0.001280472	0.0	0.0
7.082912109375	0.0042282348	0.0	0.0
6.9265205078125	0.0012829088	0.0	0.0
6.77012939453125	0.022540953	0.0	0.0
6.61373828125	0.023245417	0.0	0.0
6.45734716796875	-0.008593661	0.0	0.0
6.3009560546875	-0.0107715	0.0	0.0
6.144564453125	-0.011625406	0.0	0.0
5.98817333984375	-0.007518049	7.748829084448516E-4	7.748829084448516E-4
5.8317822265625	0.009037484	0.01356047485023737	0.01356047485023737
5.67539111328125	0.007846977	0.010796009562909603	0.010796009562909603
5.519	9.6637924E-4	3.907799255102873E-4	3.907799255102873E-4
5.3626083984375	0.0019012014	0.0	0.0
5.20621728515625	-0.0032345254	0.0	0.0
5.049826171875	-0.01102794	0.0	0.0
4.89343505859375	-0.012530036	0.0	0.0
4.7370439453125	-0.00822652	0.0	0.0
4.58065234375	0.00754062	0.0	0.0
4.42426123046875	-0.0030137596	0.0	0.0
4.2678701171875	-0.0144531885	0.0	0.0
4.11147900390625	-6.2281656E-4	0.0	0.0
3.955087646484375	0.0074458006	0.0	0.0
3.798696533203125	-0.0024761467	0.0	0.0
3.64230517578125	-0.014722786	0.0	0.0
3.4859140625	-0.01598626	0.0	0.0
3.32952294921875	-0.0013663599	0.0	0.0
3.173131591796875	1.4909207E-4	0.0	0.0
3.016740478515625	0.008572153	0.0	0.0
2.86034912109375	-0.009222636	0.0	0.0
2.7039580078125	0.0024240243	0.0	0.0
2.54756689453125	0.0072566434	0.0	0.0
2.391175537109375	0.00641053	0.0	0.0
2.234784423828125	-0.008925955	0.0	0.0
2.07839306640625	0.0061178207	0.0	0.0
1.922001953125	-0.0060738977	0.0	0.0
1.7656107177734375	-0.007112196	0.0	0.0
1.609219482421875	-0.009018329	0.0	0.0
1.452828369140625	0.010494071	0.0	0.0
1.2964371337890626	5.3032115E-4	0.0	0.0
1.1400458984375	-0.0072990204	0.0	0.0
0.9836547241210938	0.0021285925	0.0	0.0
0.8272634887695313	0.0059706043	0.0	0.0
