10.84625390625	-0.0035451532	0.0
10.6962529296875	-0.006162066	0.0
10.5462529296875	0.0026729272	0.0
10.396251953125	-0.0024378716	0.0
10.246251953125	0.0029415854	0.0
10.0962509765625	1.2951888E-4	0.0
9.9462509765625	-0.0014299985	0.0
9.79625	4.6751086E-4	0.0
9.64625	0.0020352555	0.0
9.4962490234375	0.0014728021	0.0
9.3462490234375	-5.831336E-4	0.0
9.196248046875	0.0031072726	0.0
9.046248046875	-1.223102E-4	0.0
8.8962470703125	-0.0010116244	0.0
8.7462470703125	-0.0033942736	0.0
8.59624609375	0.0018480726	0.0
8.44624609375	0.004245854	0.0
8.2962451171875	0.00270076	0.0
8.14624462890625	-6.647763E-4	0.0
7.996244140625	-1.7320557E-5	0.0
7.84624365234375	-0.008500177	0.0
7.6962431640625	-0.005873293	0.0
7.54624267578125	-0.0038470107	0.0
7.3962421875	0.005259303	0.0
7.24624169921875	0.001730112	0.0
7.0962412109375	-0.0029237436	0.0
6.94624072265625	-0.0018398502	0.0
6.796240234375	0.0038485697	0.0
6.64623974609375	0.0055694827	0.0
6.4962392578125	-0.0010473569	0.0
6.34623876953125	-0.0010559151	0.0
6.19623828125	0.007210109	2.3664683976676315E-4
6.04623779296875	0.0064290427	0.006675612181425095
5.8962373046875	0.0022304447	0.039412565529346466
5.74623681640625	0.0049824747	0.04907793179154396
5.596236328125	-0.0041577015	0.012936124578118324
5.44623583984375	-0.0017676293	7.138887303881347E-4
5.29623486328125	6.253904E-4	0.0
5.146234375	0.0010677385	0.0
4.99623388671875	-0.001097049	0.0
4.8462333984375	8.200646E-4	0.0
4.69623291015625	0.0024408428	0.0
4.546232421875	-0.0036621233	0.0
4.39623193359375	-0.004630904	0.0
4.2462314453125	-0.0038872773	0.0
4.09623095703125	-9.330608E-4	0.0
3.94623046875	-0.0013592278	0.0
3.79622998046875	-1.6090683E-4	0.0
3.6462294921875	0.0022464322	0.0
3.49622900390625	-3.256832E-4	0.0
3.346228515625	-5.087966E-4	0.0
3.19622802734375	-3.2649716E-4	0.0
3.0462275390625	-0.0051305983	0.0
2.89622705078125	9.829337E-4	0.0
2.7462265625	0.009316551	0.0
2.59622607421875	0.0020215595	0.0
2.4462255859375	-0.0016141336	0.0
2.29622509765625	-0.0023344762	0.0
2.146224609375	0.001077779	0.0
1.9962239990234374	-2.6537533E-4	0.0
1.8462235107421876	0.0013623708	0.0
1.6962230224609376	-0.002022739	0.0
1.5462225341796876	-0.0061743795	0.0
1.3962220458984376	-0.0034248838	0.0
1.2462215576171876	0.0010864427	0.0
1.0962210693359375	-0.004361509	0.0
0.9462205200195313	-0.005044194	0.0
0.7962200317382813	4.25823E-4	0.0
