10.793306640625	0.014972842	0.0
10.640697265625	0.01252321	0.0
10.4880869140625	0.0073931157	0.0
10.3354775390625	0.0048040976	0.0
10.1828671875	-0.01696094	0.0
10.0302578125	-0.012639181	0.0
9.8776474609375	0.0099830255	0.0
9.7250380859375	2.419007E-4	0.0
9.572427734375	0.014612232	0.0
9.419818359375	-5.473546E-4	0.0
9.2672080078125	-0.01291134	0.0
9.1145986328125	-0.0039026542	0.0
8.96198828125	-0.01559934	0.0
8.80937890625	0.019119574	0.0
8.6567685546875	-0.011395619	0.0
8.5041591796875	-0.005066464	0.0
8.351548828125	0.0064638695	0.0
8.198939453125	-0.011262092	0.0
8.04632958984375	-0.009696784	0.0
7.8937197265625	0.0079293875	0.0
7.74110986328125	-0.019951995	0.0
7.5885	0.0028891	0.0
7.43589013671875	0.0082081305	0.0
7.2832802734375	0.0046692914	0.0
7.13067041015625	-0.0032109579	0.0
6.978060546875	-0.011714483	0.0
6.82545068359375	-0.00981954	0.0
6.6728408203125	0.008737484	0.0
6.52023095703125	0.017053831	0.0
6.36762109375	-5.779566E-4	0.0
6.21501123046875	0.028647713	1.3931305147707462E-4
6.0624013671875	0.013267295	0.0050117867067456245
5.90979150390625	0.014069796	0.035728249698877335
5.757181640625	-0.002285559	0.05079873651266098
5.60457177734375	0.016576266	0.01448622066527605
5.4519619140625	-0.009707737	8.189980871975422E-4
5.29935205078125	0.012149714	0.0
5.1467421875	-0.007981727	0.0
4.99413232421875	-0.0044254386	0.0
4.8415224609375	7.933113E-4	0.0
4.68891259765625	0.001678404	0.0
4.536302734375	-0.015151403	0.0
4.38369287109375	-0.002267366	0.0
4.2310830078125	0.021868216	0.0
4.07847314453125	0.010921644	0.0
3.92586328125	-0.0063382075	0.0
3.77325341796875	-0.01668908	0.0
3.620643798828125	-0.013437593	0.0
3.468033935546875	0.014161551	0.0
3.315424072265625	-0.014018079	0.0
3.162814208984375	0.03190808	0.0
3.010204345703125	0.005471408	0.0
2.857594482421875	-0.007181496	0.0
2.704984619140625	-0.0027364981	0.0
2.552374755859375	-0.00437024	0.0
2.399764892578125	0.0067319274	0.0
2.247155029296875	0.009411429	0.0
2.094545166015625	0.002544258	0.0
1.941935302734375	-0.007928358	0.0
1.789325439453125	-0.0046426677	0.0
1.636715576171875	-0.0030055735	0.0
1.484105712890625	-0.01394113	0.0
1.331495849609375	-0.009470917	0.0
1.178885986328125	0.008207462	0.0
1.0262762451171874	0.008397721	0.0
0.8736663208007812	-0.0031662013	0.0
