10.826611328125	-0.0021994645	0.0
10.6792421875	-9.1085385E-4	0.0
10.531873046875	0.0023056301	0.0
10.38450390625	-0.00102836	0.0
10.2371357421875	-0.0021153907	0.0
10.0897666015625	-0.0037025777	0.0
9.9423974609375	-0.0030662443	0.0
9.795029296875	0.0022882724	0.0
9.64766015625	0.0027004965	0.0
9.500291015625	0.0067230496	0.0
9.352921875	0.0042101056	0.0
9.2055537109375	-0.002849661	0.0
9.0581845703125	-0.0029943949	0.0
8.9108154296875	-0.0039722025	0.0
8.763447265625	0.001502438	7.046489827189362E-7
8.616078125	0.0038377098	4.881743006990291E-5
8.468708984375	0.0020872536	7.502486696466804E-4
8.3213408203125	-5.451423E-4	0.0025575768668204546
8.1739716796875	1.903133E-4	0.0019354226533323526
8.0266025390625	-0.002575263	3.250196168664843E-4
7.87923388671875	-9.997278E-4	1.21065158964484E-5
7.73186474609375	-6.6133146E-4	0.0
7.58449609375	2.0434547E-5	0.0
7.43712744140625	0.0030546244	0.0
7.28975830078125	-5.271668E-4	0.0
7.1423896484375	0.0043761674	0.0
6.9950205078125	0.0037797035	0.0
6.84765185546875	1.1065317E-4	0.0
6.70028271484375	0.003476876	0.0
6.5529140625	0.0016288917	0.0
6.40554541015625	-0.0023154158	0.0
6.25817626953125	-0.0029050503	3.0495234568661544E-6
6.1108076171875	-8.704904E-4	1.5497308049816638E-4
5.9634384765625	-0.0032934146	0.001746826688759029
5.81606982421875	-9.989933E-4	0.004367684479802847
5.66870068359375	0.0030751836	0.0024254347663372755
5.52133203125	0.0034974862	2.9885093681514263E-4
5.37396337890625	0.0038536666	8.166755833372008E-6
5.22659423828125	0.00368405	0.0
5.0792255859375	0.0022255515	0.0
4.9318564453125	0.001543668	0.0
4.78448779296875	0.0023047987	0.0
4.637119140625	4.4029244E-4	0.0
4.48975	-0.0010267127	0.0
4.34238134765625	-0.005572677	0.0
4.19501220703125	-0.009896579	0.0
4.0476435546875	-0.0036744238	0.0
3.900274658203125	-0.0033812488	2.7951864467468113E-5
3.75290576171875	-0.006445893	5.423544207587838E-4
3.605536865234375	-0.0025509202	0.0023342573549598455
3.45816796875	0.0013773576	0.0022300181444734335
3.310799072265625	-4.2870876E-4	4.728670755866915E-4
3.163430419921875	-0.0014449669	2.2241578335524537E-5
3.0160615234375	0.0011541056	0.0
2.868692626953125	0.0058844476	0.0
2.72132373046875	0.0059744148	0.0
2.573954833984375	0.0017135281	0.0
2.4265859375	-0.0015185644	0.0
2.27921728515625	0.0013798312	0.0
2.131848388671875	0.0010567383	0.0
1.9844794921875	-8.981111E-6	0.0
1.837110595703125	-0.0034477846	0.0
1.68974169921875	-0.0072364747	0.0
1.5423729248046876	-0.0021250227	0.0
1.3950040283203125	-0.005060108	0.0
1.2476351318359375	-0.0048172027	0.0
1.100266357421875	9.5325935E-4	0.0
0.9528974609375	-4.480024E-4	0.0
0.8055286254882813	-3.4674627E-4	0.0
