10.7291376953125	0.0025249883	0.0
10.57318359375	0.002363166	0.0
10.417228515625	-0.0020379438	0.0
10.2612734375	-0.002392248	0.0
10.105318359375	8.590036E-4	0.0
9.9493642578125	0.007961901	0.0
9.7934091796875	0.00716964	0.0
9.6374541015625	-4.4890872E-5	0.0
9.4814990234375	0.0058152527	0.0
9.3255439453125	-5.315599E-4	0.0
9.16958984375	0.004440024	0.0
9.013634765625	0.016128452	0.0
8.8576796875	0.021994181	0.0
8.701724609375	0.017409984	0.0
8.5457705078125	0.0019525655	0.0
8.3898154296875	-0.004835134	0.0
8.2338603515625	-0.0052948785	0.0
8.07790576171875	-0.0033561226	0.0
7.92195068359375	-0.008205974	0.0
7.76599560546875	0.0054242616	0.0
7.610041015625	0.011657082	0.0
7.4540859375	-0.006115043	0.0
7.29813134765625	-0.007632658	0.0
7.14217626953125	0.006708685	0.0
6.9862216796875	0.005413353	0.0
6.8302666015625	0.007473942	0.0
6.67431201171875	0.016471297	0.0
6.51835693359375	-0.0016128337	0.0
6.36240234375	-0.007769837	0.0
6.206447265625	0.005323667	4.375404841994168E-6
6.0504921875	0.0049585733	1.5253845776896924E-4
5.89453759765625	0.0032768014	9.848468471318483E-4
5.73858251953125	0.0016948795	0.0011779034975916147
5.5826279296875	-0.0049065864	2.610034716781229E-4
5.4266728515625	-1.1546914E-4	1.0710574315453414E-5
5.27071826171875	0.0027391699	0.0
5.11476318359375	-0.0035227158	0.0
4.95880859375	-0.0061251814	0.0
4.802853515625	7.991271E-4	0.0
4.64689892578125	0.010009257	0.0
4.49094384765625	-0.002631382	0.0
4.33498876953125	-1.1178299E-4	0.0
4.1790341796875	-0.015879733	0.0
4.023079345703125	-0.008142752	0.0
3.86712451171875	0.006968421	0.0
3.711169677734375	-0.007952301	0.0
3.555214599609375	0.0049395175	0.0
3.399259765625	-0.0023024203	0.0
3.243304931640625	-0.002908316	0.0
3.08735009765625	-0.0066304784	0.0
2.931395263671875	-0.013766843	0.0
2.7754404296875	0.0075785294	0.0
2.619485595703125	0.015034964	0.0
2.46353076171875	0.014048795	0.0
2.307575927734375	0.008504558	0.0
2.15162109375	0.012023508	0.0
1.9956661376953124	-0.0050263624	0.0
1.8397113037109376	-0.005921056	0.0
1.6837564697265626	0.0016717701	0.0
1.5278016357421875	-0.0024798566	0.0
1.3718466796875	-0.009508437	0.0
1.215891845703125	-5.0748185E-6	0.0
1.05993701171875	0.0015776323	0.0
0.903982177734375	0.009865379	0.0
0.7480272827148438	0.008104242	0.0
