10.8634423828125	1.9048061E-4	0.0
10.690498046875	0.0029602386	0.0
10.5175546875	9.596168E-4	0.0
10.3446103515625	0.0025106543	0.0
10.171666015625	0.0023313886	0.0
9.9987216796875	-0.0010684566	0.0
9.82577734375	-0.004352038	0.0
9.6528330078125	-0.002190642	0.0
9.479888671875	-0.0033676242	0.0
9.3069443359375	-0.0026305097	0.0
9.134	-0.001187428	0.0
8.9610556640625	-0.0011081918	0.0
8.788111328125	-0.004585753	0.0
8.6151669921875	-0.0059293094	0.0
8.44222265625	-0.0021983548	0.0
8.269279296875	-0.0014666894	0.0
8.09633447265625	-0.001134378	0.0
7.92339013671875	3.457188E-4	0.0
7.7504462890625	0.004092067	0.0
7.577501953125	0.0030787715	0.0
7.4045576171875	0.0021406435	0.0
7.23161328125	0.0028635184	0.0
7.0586689453125	0.0032418785	0.0
6.885724609375	0.0072790543	0.0
6.71278076171875	0.005264467	0.0
6.53983642578125	0.006389924	0.0
6.36689208984375	2.127283E-5	0.0
6.19394775390625	-0.0055356408	5.522653736989014E-6
6.02100341796875	-0.009240136	2.2039681789465249E-4
5.84805908203125	-0.0057601472	0.0011057412484660745
5.67511474609375	-0.0024447308	6.976979784667492E-4
5.5021708984375	-5.110028E-4	5.535407399293035E-5
5.3292265625	0.002349962	5.521162620425457E-7
5.1562822265625	0.0019080724	0.0
4.983337890625	0.0012012826	0.0
4.8103935546875	-0.002341221	0.0
4.63744921875	-0.0053852047	0.0
4.46450537109375	-0.0022861522	0.0
4.29156103515625	-0.0011219697	0.0
4.11861669921875	-0.0029758585	0.0
3.94567236328125	-0.001310615	0.0
3.77272802734375	-0.001295353	0.0
3.599783935546875	0.0012206055	0.0
3.426839599609375	0.0029665441	0.0
3.253895263671875	0.0039601987	0.0
3.080951171875	4.988704E-4	0.0
2.9080068359375	9.91871E-4	0.0
2.7350625	0.0029476003	0.0
2.562118408203125	1.0052193E-4	0.0
2.389174072265625	9.5148274E-4	0.0
2.216229736328125	0.002002853	0.0
2.0432855224609376	-7.9784926E-4	0.0
1.87034130859375	-0.0029357884	0.0
1.69739697265625	-0.0047632554	0.0
1.5244527587890624	-0.0022880193	0.0
1.351508544921875	-0.0020910471	0.0
1.178564208984375	0.0014632647	0.0
1.0056199951171876	0.0028335024	0.0
0.8326757202148437	-9.974809E-4	0.0
