11.803533203125	0.008560558	0.0
11.6217880859375	-0.009492529	0.0
11.4400439453125	-0.016346563	0.0
11.258298828125	-3.474252E-4	0.0
11.0765537109375	0.010504963	0.0
10.8948095703125	-0.0018967037	0.0
10.713064453125	0.003354521	0.0
10.5313203125	0.0054447525	0.0
10.3495751953125	0.014406896	0.0
10.1678310546875	-0.012037744	0.0
9.9860859375	-0.005707666	0.0
9.804341796875	0.0072705518	0.0
9.6225966796875	-0.0034107598	0.0
9.4408525390625	-0.012409798	0.0
9.259107421875	1.7644752E-4	0.0
9.07736328125	9.311915E-5	0.0
8.8956181640625	-0.012269201	0.0
8.7138740234375	-0.01881212	0.0
8.53212890625	-0.0061966213	0.0
8.350384765625	0.014769548	0.0
8.1686396484375	0.0065029985	0.0
7.98689501953125	0.007874138	0.0
7.805150390625	0.01424971	0.0
7.62340576171875	0.006340183	0.0
7.4416611328125	0.015630484	0.0
7.25991650390625	-0.008735205	0.0
7.078171875	-0.019731043	0.0
6.89642724609375	-0.009010554	0.0
6.7146826171875	0.014207645	0.0
6.53293798828125	0.011172758	0.0
6.351193359375	0.001963665	0.0
6.16944873046875	-0.005829425	1.65097153512761E-5
5.9877041015625	-0.0062373416	5.522231222130358E-4
5.80595947265625	-0.009315252	0.001870277221314609
5.62421484375	0.003721696	6.41695165541023E-4
5.44247021484375	0.008746967	2.2293548681773245E-5
5.2607255859375	0.00321885	0.0
5.07898095703125	-0.007553178	0.0
4.897236328125	7.650179E-6	0.0
4.71549169921875	-0.011855636	0.0
4.5337470703125	-0.0016323978	0.0
4.35200244140625	-0.005222587	0.0
4.17025732421875	0.005705526	0.0
3.988512939453125	0.003949615	0.0
3.806768310546875	0.02073507	0.0
3.625023681640625	-0.012197395	0.0
3.443279052734375	-0.008757342	0.0
3.261534423828125	-0.005845072	0.0
3.079789794921875	0.0081706215	0.0
2.898044921875	0.00162878	0.0
2.71630029296875	0.011145799	0.0
2.5345556640625	-0.007968901	0.0
2.35281103515625	0.005762157	0.0
2.17106640625	0.017754404	0.0
1.98932177734375	-6.3440483E-4	0.0
1.8075771484375	0.0023647675	0.0
1.62583251953125	-0.019200027	0.0
1.444087890625	-0.002711343	0.0
1.2623431396484375	0.0074107805	0.0
1.0805985107421876	-0.005131765	0.0
0.8988538818359375	-0.0058222706	0.0
0.7171092529296875	0.008212334	0.0
0.5353646240234375	0.004849123	0.0
0.35361996459960937	-0.009990634	0.0
0.17187530517578126	0.005520118	0.0
-0.009869342803955078	0.0020108782	0.0
-0.19161399841308593	7.7678065E-4	0.0
