#xValues(km/s)	yValues(K)	simulate(Show Plot)	simulate(All Species)
10.7958701171875	0.0058681676	0.0	0.0
10.61240625	-9.571273E-4	0.0	0.0
10.4289423828125	0.005457493	0.0	0.0
10.245478515625	0.004679991	0.0	0.0
10.062015625	-0.0035759876	0.0	0.0
9.8785517578125	-0.008375842	0.0	0.0
9.695087890625	-0.0068968376	0.0	0.0
9.5116240234375	-0.014781576	0.0	0.0
9.3281611328125	-0.015958313	0.0	0.0
9.144697265625	-0.0064766905	0.0	0.0
8.9612333984375	-3.1125356E-4	0.0	0.0
8.77776953125	-0.004766961	0.0	0.0
8.594306640625	-0.0030176258	0.0	0.0
8.4108427734375	0.0015716952	0.0	0.0
8.22737890625	0.0010283998	0.0	0.0
8.04391552734375	-9.56586E-4	0.0	0.0
7.86045166015625	0.007094687	0.0	0.0
7.67698828125	0.0048777494	0.0	0.0
7.4935244140625	-0.0053882953	0.0	0.0
7.31006103515625	-0.0019987891	0.0	0.0
7.12659716796875	0.0011630959	0.0	0.0
6.9431337890625	0.005689174	0.0	0.0
6.759669921875	0.0053538317	0.0	0.0
6.57620654296875	-0.0025580532	0.0	0.0
6.3927431640625	-0.0022689935	0.0	0.0
6.209279296875	0.0023170796	2.9244447432574816E-5	0.0
6.02581591796875	0.008081856	0.001659864792600274	0.0
5.84235205078125	0.0066395346	0.009128320030868053	0.0
5.658888671875	8.342498E-4	0.004873234778642654	0.0
5.4754248046875	0.0022126972	2.522468566894531E-4	0.0
5.29196142578125	0.0022426494	0.0	0.0
5.10849755859375	-0.0014046107	0.0	0.0
4.9250341796875	-0.0032289173	0.0	0.0
4.7415703125	-0.005840109	0.0	0.0
4.55810693359375	-0.0015272174	0.0	0.0
4.37464306640625	-0.003195717	0.0	0.0
4.1911796875	-0.003939117	0.0	0.0
4.0077158203125	9.779677E-5	0.0	0.0
3.824252197265625	0.0062541217	0.0	0.0
3.64078857421875	0.008138875	0.0	0.0
3.457324951171875	0.006046529	0.0	0.0
3.273861328125	0.0032728538	0.0	0.0
3.090397705078125	0.0047240173	0.0	0.0
2.90693408203125	2.1896012E-4	0.0	0.0
2.723470458984375	-0.007957987	0.0	0.0
2.5400068359375	-0.0049123936	0.0	0.0
2.356543212890625	8.436325E-4	0.0	0.0
2.17307958984375	-0.006281277	0.0	0.0
1.989615966796875	0.0017266904	0.0	0.0
1.80615234375	0.005088139	0.0	0.0
1.622688720703125	0.0014239174	0.0	0.0
1.4392252197265625	0.0034165718	0.0	0.0
1.2557615966796876	-0.0025167332	0.0	0.0
1.0722979736328124	-0.0019630627	0.0	0.0
0.8888342895507813	-0.0020498529	0.0	0.0
