#xValues(km/s)	yValues(K)	simulate(Show Plot)	simulate(All Species)
10.834802734375	0.001589378	0.0	0.0
10.6482939453125	-0.0022653847	0.0	0.0
10.4617861328125	-5.9120136E-4	0.0	0.0
10.27527734375	-1.0645774E-5	0.0	0.0
10.0887685546875	-6.376638E-4	0.0	0.0
9.9022607421875	-0.003065171	0.0	0.0
9.715751953125	-0.008386434	0.0	0.0
9.5292431640625	-0.0052797627	0.0	0.0
9.3427353515625	-7.3627254E-4	0.0	0.0
9.1562265625	2.0777305E-4	0.0	0.0
8.96971875	-0.0018511919	0.0	0.0
8.7832099609375	0.0013464198	0.0	0.0
8.596701171875	-8.750285E-4	0.0	0.0
8.410193359375	0.002652151	0.0	0.0
8.2236845703125	0.003723946	0.0	0.0
8.03717626953125	0.004464549	0.0	0.0
7.85066748046875	0.0011095965	0.0	0.0
7.6641591796875	-0.0010968756	0.0	0.0
7.47765087890625	-0.0012303086	0.0	0.0
7.291142578125	-0.0025263866	0.0	0.0
7.1046337890625	1.3153846E-4	0.0	0.0
6.91812548828125	4.5903135E-4	0.0	0.0
6.7316171875	-0.0050143404	0.0	0.0
6.54510888671875	-5.548433E-5	0.0	0.0
6.35860009765625	0.0014053324	0.0	0.0
6.172091796875	7.099288E-4	7.685481978114694E-5	0.0
5.98558349609375	-0.0050773127	0.0028273488860577345	0.0
5.79907470703125	-0.0064481813	0.009323079138994217	0.0
5.61256640625	0.0012971605	0.002760515781119466	0.0
5.42605810546875	0.0027390316	7.326424383791164E-5	0.0
5.2395498046875	7.602707E-4	0.0	0.0
5.053041015625	2.047056E-4	0.0	0.0
4.86653271484375	-0.0029911017	0.0	0.0
4.6800244140625	-0.0025613913	0.0	0.0
4.49351611328125	0.0015205414	0.0	0.0
4.30700732421875	0.00329198	0.0	0.0
4.1204990234375	0.0064609926	0.0	0.0
3.933990478515625	0.00153651	0.0	0.0
3.747482177734375	-0.0059966384	0.0	0.0
3.5609736328125	-0.0044407314	0.0	0.0
3.37446533203125	-0.005223015	0.0	0.0
3.187956787109375	8.0835714E-5	0.0	0.0
3.001448486328125	0.0018603039	0.0	0.0
2.81493994140625	0.0026916668	0.0	0.0
2.628431640625	4.0932102E-4	0.0	0.0
2.441923095703125	2.8707503E-4	0.0	0.0
2.255414794921875	0.0063787135	0.0	0.0
2.06890625	9.460304E-4	0.0	0.0
1.8823978271484374	-0.0013844919	0.0	0.0
1.695889404296875	0.0024994113	0.0	0.0
1.5093809814453125	9.248291E-4	0.0	0.0
1.32287255859375	0.0015044825	0.0	0.0
1.136364013671875	-0.0020320797	0.0	0.0
0.9498556518554687	2.1066002E-4	0.0	0.0
0.7633472290039063	-0.002559316	0.0	0.0
