#xValues(km/s)	yValues(K)	simulate(Show Plot)	simulate(All Species)
10.8245302734375	0.018016962	0.0	0.0
10.7245263671875	0.0522564	0.0	0.0
10.6245224609375	0.014297832	0.0	0.0
10.524517578125	-0.096441776	0.0	0.0
10.424513671875	-0.018702473	0.0	0.0
10.324509765625	0.052156374	0.0	0.0
10.224505859375	-0.047097154	0.0	0.0
10.1245009765625	-0.0890331	0.0	0.0
10.0244970703125	-0.03907257	0.0	0.0
9.9244931640625	-0.029794224	0.0	0.0
9.8244892578125	0.021845622	0.0	0.0
9.724484375	0.0073675914	0.0	0.0
9.62448046875	-0.046119012	0.0	0.0
9.5244765625	-0.004159575	0.0	0.0
9.4244716796875	0.019881507	0.0	0.0
9.3244677734375	-0.05121129	0.0	0.0
9.2244638671875	-0.046887565	0.0	0.0
9.1244599609375	0.012193731	0.0	0.0
9.024455078125	-0.042861015	0.0	0.0
8.924451171875	-7.8199274E-4	0.0	0.0
8.824447265625	-0.0048422837	0.0	0.0
8.7244423828125	-0.010768375	0.0	0.0
8.6244384765625	0.007548371	0.0	0.0
8.5244345703125	0.043220554	0.0	0.0
8.4244306640625	0.00488424	0.0	0.0
8.32442578125	0.013315048	0.0	0.0
8.224421875	0.020025838	0.0	0.0
8.12441748046875	0.04594088	0.0	0.0
8.02441357421875	0.113605976	0.0	0.0
7.9244091796875	-9.910011E-4	0.0	0.0
7.8244052734375	-0.09098194	0.0	0.0
7.72440087890625	0.0132142175	0.0	0.0
7.62439697265625	0.03895654	0.0	0.0
7.524392578125	0.01004603	0.0	0.0
7.424388671875	-0.034703504	0.0	0.0
7.32438427734375	-0.061177276	0.0	0.0
7.2243798828125	-0.04847775	0.0	0.0
7.1243759765625	0.014370143	0.0	0.0
7.02437158203125	-0.01658861	0.0	0.0
6.92436767578125	0.0011889886	0.0	0.0
6.82436328125	-0.009233295	0.0	0.0
6.724359375	-0.016647581	0.0	0.0
6.62435498046875	0.019638468	0.0	0.0
6.5243505859375	0.0134069845	0.0	0.0
6.4243466796875	-4.4392518E-4	0.0	0.0
6.32434228515625	0.0032130436	0.0	0.0
6.22433837890625	0.04141439	1.0187072621192783E-4	1.0187072621192783E-4
6.124333984375	0.0032153216	0.0013648566091433167	0.0013648566091433167
6.024330078125	0.002364884	0.009130865335464478	0.009130865335464478
5.92432568359375	-0.021378828	0.030463291332125664	0.030463291332125664
5.82432177734375	-0.013851919	0.050815001130104065	0.050815001130104065
5.7243173828125	0.0057926397	0.04258966073393822	0.04258966073393822
5.62431298828125	-0.023539195	0.017896469682455063	0.017896469682455063
5.52430908203125	7.313955E-5	0.003752289805561304	0.003752289805561304
5.4243046875	0.0025515237	3.925392811652273E-4	3.925392811652273E-4
5.32430078125	-0.012818554	2.0517592929536477E-5	2.0517592929536477E-5
5.22429638671875	0.0038978176	0.0	0.0
5.12429248046875	0.051817868	0.0	0.0
5.0242880859375	0.019933859	0.0	0.0
4.92428369140625	-0.014180167	0.0	0.0
4.82427978515625	0.014153651	0.0	0.0
4.724275390625	4.0345188E-4	0.0	0.0
4.624271484375	0.03214081	0.0	0.0
4.52426708984375	0.022069894	0.0	0.0
4.42426318359375	0.035854787	0.0	0.0
4.3242587890625	-5.3472006E-5	0.0	0.0
4.2242548828125	0.0099472925	0.0	0.0
4.12425048828125	-0.029743101	0.0	0.0
4.024246337890625	0.057191875	0.0	0.0
3.9242421875	-0.014724917	0.0	0.0
3.824238037109375	-0.009816167	0.0	0.0
3.724233642578125	-0.007952671	0.0	0.0
3.6242294921875	-0.04765138	0.0	0.0
3.524225341796875	-0.120900504	0.0	0.0
3.42422119140625	-0.050406884	0.0	0.0
3.324217041015625	-0.023001013	0.0	0.0
3.224212890625	0.015238941	0.0	0.0
3.124208740234375	0.010046897	0.0	0.0
3.02420458984375	-0.0137976	0.0	0.0
2.9242001953125	0.07019887	0.0	0.0
2.824196044921875	-0.01644458	0.0	0.0
2.72419189453125	-0.0138525665	0.0	0.0
2.624187744140625	-0.018986866	0.0	0.0
2.52418359375	0.010513792	0.0	0.0
2.424179443359375	0.041512765	0.0	0.0
2.32417529296875	0.014572431	0.0	0.0
2.224171142578125	-0.03156667	0.0	0.0
2.124166748046875	-0.034899026	0.0	0.0
2.0241627197265624	0.041593116	0.0	0.0
1.924158447265625	0.027400304	0.0	0.0
1.824154296875	0.021119418	0.0	0.0
1.724150146484375	-0.08424122	0.0	0.0
1.62414599609375	-0.053311612	0.0	0.0
1.5241417236328125	-0.015301435	0.0	0.0
1.4241375732421875	-0.031361964	0.0	0.0
1.3241334228515624	-0.020858422	0.0	0.0
1.2241292724609374	-0.045606907	0.0	0.0
1.124125	-0.009375817	0.0	0.0
1.024120849609375	0.017860716	0.0	0.0
0.92411669921875	-0.018101761	0.0	0.0
0.8241124877929688	-0.032330237	0.0	0.0
