10.7694130859375	9.0200384E-4	0.0
10.5852578125	-1.953229E-4	0.0
10.4011025390625	-0.0041871276	0.0
10.2169462890625	-0.009263538	0.0
10.032791015625	-0.008563172	0.0
9.8486357421875	-0.0019695584	0.0
9.66448046875	0.010780561	0.0
9.4803251953125	0.012676699	0.0
9.2961689453125	0.0019449879	0.0
9.112013671875	0.002461456	0.0
8.9278583984375	0.0022882042	0.0
8.743703125	0.0010347673	0.0
8.559546875	-0.003503703	0.0
8.3753916015625	4.23505E-4	0.0
8.191236328125	0.0031459362	0.0
8.00708056640625	0.0013963361	0.0
7.82292529296875	-7.71504E-4	0.0
7.63876953125	-4.4677051E-4	0.0
7.4546142578125	-0.005712151	0.0
7.27045849609375	-0.0044070138	0.0
7.08630322265625	-0.0016245139	0.0
6.9021474609375	-0.0022697975	0.0
6.7179921875	-0.010002746	0.0
6.53383642578125	-0.0116590345	0.0
6.34968115234375	-0.0033340491	2.5829580408753827E-5
6.165525390625	8.8324357E-4	0.0020988003816455603
5.9813701171875	0.029596908	0.0255330391228199
5.79721435546875	0.04626837	0.046653568744659424
5.61305908203125	0.016073165	0.012894362211227417
5.4289033203125	6.762892E-4	5.335587775334716E-4
5.244748046875	0.002282485	0.0
5.06059228515625	0.0021567564	0.0
4.87643701171875	0.003776213	0.0
4.69228125	0.0018347853	0.0
4.5081259765625	-0.00445905	0.0
4.32397021484375	-0.0029736944	0.0
4.13981494140625	0.0042839875	0.0
3.955659423828125	0.004008954	0.0
3.77150390625	0.0060515893	0.0
3.587348388671875	0.0012450468	0.0
3.40319287109375	-5.504283E-5	0.0
3.219037353515625	-0.004342355	0.0
3.0348818359375	-0.0108835	0.0
2.850726318359375	-0.010452099	0.0
2.66657080078125	-0.0057045175	0.0
2.482415283203125	-0.0045802887	0.0
2.298259765625	-0.0020908748	0.0
2.114104248046875	0.0035675515	0.0
1.92994873046875	0.0081163645	0.0
1.745793212890625	-8.410323E-4	0.0
1.5616376953125	-0.001699641	0.0
1.377482177734375	-0.0016714929	0.0
1.19332666015625	-0.0032459456	0.0
1.0091712036132812	-0.0028840401	0.0
0.8250156860351563	0.002706384	0.0
