#xValues(km/s)	yValues(K)	simulate(Show Plot)	simulate(All Species)
10.755798828125	0.012204308	0.0	0.0
10.623193359375	-0.0031792158	0.0	0.0
10.490587890625	0.007289099	0.0	0.0
10.357982421875	-0.014189225	0.0	0.0
10.225376953125	-0.0012393476	0.0	0.0
10.0927705078125	-0.0029831107	0.0	0.0
9.9601650390625	-0.0043018255	0.0	0.0
9.8275595703125	0.006250204	0.0	0.0
9.6949541015625	0.016317984	0.0	0.0
9.5623486328125	-0.0031404574	0.0	0.0
9.4297431640625	0.0017098149	0.0	0.0
9.29713671875	-5.2236125E-4	0.0	0.0
9.16453125	0.0020434712	0.0	0.0
9.03192578125	0.005000034	0.0	0.0
8.8993203125	-0.0017479259	0.0	0.0
8.76671484375	-0.013926334	0.0	0.0
8.634109375	-0.003839961	0.0	0.0
8.50150390625	-0.011130169	0.0	0.0
8.3688974609375	6.128286E-4	0.0	0.0
8.2362919921875	-0.011672326	0.0	0.0
8.1036865234375	-0.021189347	0.0	0.0
7.9710810546875	-0.009189931	0.0	0.0
7.8384755859375	-0.00972071	0.0	0.0
7.70586962890625	-0.0020391236	0.0	0.0
7.57326416015625	0.007888515	0.0	0.0
7.44065869140625	-0.0067625847	0.0	0.0
7.308052734375	0.00915417	0.0	0.0
7.175447265625	-0.0017777209	0.0	0.0
7.042841796875	-9.2514453E-4	0.0	0.0
6.91023583984375	-0.001863924	0.0	0.0
6.77763037109375	0.0052715656	0.0	0.0
6.64502490234375	0.010639408	0.0	0.0
6.51241943359375	-0.022597251	0.0	0.0
6.3798134765625	6.6991185E-4	0.0	0.0
6.2472080078125	0.009854752	1.0466141247889027E-5	0.0
6.1146025390625	-0.0035300779	3.471848031040281E-4	0.0
5.98199658203125	-3.7024284E-4	0.003401159541681409	0.0
5.84939111328125	0.009571824	0.009838294237852097	0.0
5.71678564453125	0.009896045	0.008424314670264721	0.0
5.5841796875	-1.842223E-4	0.002133933361619711	0.0
5.45157421875	0.0024107725	1.5957439609337598E-4	0.0
5.31896875	-0.0032184129	3.5247246614744654E-6	0.0
5.18636279296875	0.015888667	0.0	0.0
5.05375732421875	0.008218661	0.0	0.0
4.92115185546875	-0.012548948	0.0	0.0
4.78854638671875	-0.012111819	0.0	0.0
4.6559404296875	-0.0036197347	0.0	0.0
4.5233349609375	0.00925764	0.0	0.0
4.3907294921875	0.0034668855	0.0	0.0
4.25812353515625	0.0043234136	0.0	0.0
4.12551806640625	-0.015323879	0.0	0.0
3.992912353515625	-0.018432736	0.0	0.0
3.860306884765625	0.008632262	0.0	0.0
3.727701171875	0.00742949	0.0	0.0
3.595095703125	0.004435297	0.0	0.0
3.462489990234375	0.019070644	0.0	0.0
3.32988427734375	-0.008638996	0.0	0.0
3.19727880859375	-0.0058588265	0.0	0.0
3.064673095703125	-0.013398181	0.0	0.0
2.932067626953125	-0.0071112164	0.0	0.0
2.7994619140625	0.008392283	0.0	0.0
2.666856201171875	0.010158062	0.0	0.0
2.534250732421875	0.0056848293	0.0	0.0
2.40164501953125	-0.006345019	0.0	0.0
2.26903955078125	0.0027304867	0.0	0.0
2.136433837890625	0.0024533493	0.0	0.0
2.0038282470703126	-0.0013690359	0.0	0.0
1.87122265625	-0.0040313485	0.0	0.0
1.738616943359375	0.009095856	0.0	0.0
1.6060113525390625	0.014498183	0.0	0.0
1.47340576171875	-0.005169591	0.0	0.0
1.3408001708984374	-0.0025784129	0.0	0.0
1.2081944580078126	-0.008745642	0.0	0.0
1.0755888671875	0.02571836	0.0	0.0
0.9429832763671875	0.0133246975	0.0	0.0
0.810377685546875	0.01258107	0.0	0.0
