10.86426171875	0.004325163	0.0
10.7117041015625	0.02810167	0.0
10.5591474609375	-0.0012925524	0.0
10.40658984375	-0.020401746	0.0
10.2540322265625	-0.001859666	0.0
10.1014755859375	-0.009028832	0.0
9.94891796875	0.015236769	0.0
9.796361328125	-0.0010306715	0.0
9.6438037109375	-0.00365134	0.0
9.4912470703125	0.011996312	0.0
9.338689453125	-0.008612099	0.0
9.1861318359375	0.0041438947	0.0
9.0335751953125	0.0032317038	0.0
8.881017578125	-0.0039468105	0.0
8.7284609375	0.0034454789	0.0
8.5759033203125	-0.010066524	0.0
8.4233466796875	-0.010109865	0.0
8.2707890625	-0.020565664	0.0
8.11823193359375	-0.008949292	0.0
7.9656748046875	-0.017595883	0.0
7.81311767578125	-0.007542408	0.0
7.66056005859375	0.0035219882	0.0
7.5080029296875	-0.0034727117	0.0
7.35544580078125	-0.0136255715	0.0
7.202888671875	-0.0013453237	0.0
7.05033154296875	-0.01184081	0.0
6.8977744140625	4.2580525E-4	0.0
6.74521728515625	-0.010803425	0.0
6.59265966796875	-0.0067228824	0.0
6.4401025390625	3.6543768E-4	0.0
6.28754541015625	0.004829752	0.0
6.13498828125	0.008419967	0.0
5.98243115234375	0.02521468	0.0011831688461825252
5.8298740234375	0.026063913	0.017923856154084206
5.67731689453125	0.022019202	0.014353184960782528
5.52475927734375	-8.05081E-5	6.070910021662712E-4
5.3722021484375	-0.00483715	0.0
5.21964501953125	-0.0061667757	0.0
5.067087890625	-0.0022697682	0.0
4.91453076171875	0.0050770603	0.0
4.7619736328125	-0.017426511	0.0
4.60941650390625	0.006330511	0.0
4.456859375	-0.0013730375	0.0
4.3043017578125	-0.021802196	0.0
4.15174462890625	0.016454838	0.0
3.9991875	-0.0064313742	0.0
3.84663037109375	-0.002902275	0.0
3.6940732421875	-0.02542355	0.0
3.541515869140625	-0.0131026935	0.0
3.388958740234375	-0.016284434	0.0
3.236401611328125	-0.009328077	0.0
3.083844482421875	-0.0054843924	0.0
2.931287109375	-7.36545E-4	0.0
2.77872998046875	-0.002834243	0.0
2.6261728515625	-0.0017135525	0.0
2.473615478515625	0.013889134	0.0
2.321058349609375	0.007419105	0.0
2.168501220703125	0.0033881394	0.0
2.0159439697265626	-8.8424317E-4	0.0
1.8633868408203125	-0.0040907986	0.0
1.71082958984375	-0.005474087	0.0
1.5582724609375	-0.024365542	0.0
1.4057152099609376	-0.009589807	0.0
1.253157958984375	0.004984811	0.0
1.100600830078125	0.00525848	0.0
0.9480436401367187	0.020890368	0.0
0.7954864501953125	0.0015946351	0.0
