11.7467158203125	0.0151781915	0.0
11.561783203125	-0.0016958488	0.0
11.3768505859375	0.0024014867	0.0
11.19191796875	-0.009240877	0.0
11.006986328125	-0.015109805	0.0
10.8220537109375	-0.0021739667	0.0
10.63712109375	-0.0043688095	0.0
10.4521884765625	0.012897468	0.0
10.267255859375	0.008734718	0.0
10.0823232421875	0.0028330558	0.0
9.897390625	-0.004620281	0.0
9.7124580078125	-0.0031365557	0.0
9.527525390625	0.0032068817	0.0
9.3425927734375	-0.017657842	0.0
9.15766015625	-0.010075048	0.0
8.9727275390625	0.0036672347	0.0
8.787794921875	-8.7567733E-4	0.0
8.6028623046875	-0.002452947	0.0
8.4179296875	-0.0027819802	0.0
8.2329970703125	0.009385969	0.0
8.04806494140625	-0.0012441118	0.0
7.86313232421875	0.0059126024	0.0
7.67819970703125	-0.0022994755	0.0
7.49326708984375	0.0033719663	0.0
7.30833447265625	-0.0012253767	0.0
7.12340185546875	0.009907787	0.0
6.93846923828125	0.0050332462	0.0
6.753537109375	-0.008969019	0.0
6.5686044921875	-0.018215436	0.0
6.383671875	-0.0066865655	0.0
6.1987392578125	-0.002917835	0.0
6.013806640625	0.0049931724	4.626587324310094E-4
5.8288740234375	0.01048574	0.02929886244237423
5.64394140625	0.00610918	0.014691242948174477
5.4590087890625	0.0046211462	5.7805300457403064E-5
5.274076171875	-0.0013898148	0.0
5.08914404296875	-0.012343755	0.0
4.90421142578125	-3.3660067E-4	0.0
4.71927880859375	0.0039673964	0.0
4.53434619140625	4.3260877E-4	0.0
4.34941357421875	-0.0020158729	0.0
4.16448095703125	9.987043E-4	0.0
3.97954833984375	-0.004076049	0.0
3.794615966796875	0.0017331614	0.0
3.609683349609375	-0.0020542778	0.0
3.424750732421875	0.0022484262	0.0
3.239818115234375	0.002331283	0.0
3.0548857421875	-0.0027915137	0.0
2.869953125	0.024173208	0.0
2.6850205078125	0.037958123	0.0
2.500087890625	0.015420261	0.0
2.3151552734375	0.004073375	0.0
2.130222900390625	-0.010270847	0.0
1.945290283203125	-0.0023356872	0.0
1.760357666015625	-0.0017060813	0.0
1.5754251708984375	1.3812687E-4	0.0
1.3904925537109376	-0.0033208034	0.0
1.20556005859375	0.005728573	0.0
1.02062744140625	0.0020243577	0.0
0.8356948852539062	-0.0041831196	0.0
0.6507623291015625	0.0017519314	0.0
0.46582977294921873	-0.0037135216	0.0
0.2808971862792969	-6.268707E-4	0.0
0.09596463775634766	-0.0050666006	0.0
-0.08896792602539062	7.264877E-4	0.0
-0.2739004821777344	0.008821874	0.0
