11.8422548828125	0.003786408	0.0
11.657203125	-0.005057504	0.0
11.47215234375	8.0646096E-5	0.0
11.2871005859375	-0.010595861	0.0
11.102048828125	-9.087868E-6	0.0
10.916998046875	0.0067096087	0.0
10.7319462890625	-0.0031807018	0.0
10.54689453125	-0.0014663714	0.0
10.36184375	-0.0125766145	0.0
10.1767919921875	-0.010486213	0.0
9.991740234375	0.0060412134	0.0
9.8066884765625	0.0067152358	0.0
9.6216376953125	-0.0062834662	0.0
9.4365859375	-0.0032688803	0.0
9.2515341796875	-0.0060468055	0.0
9.0664833984375	0.0016131141	0.0
8.881431640625	0.003045974	0.0
8.6963798828125	0.0013303417	0.0
8.5113291015625	0.011810646	0.0
8.32627734375	-0.0034731738	0.0
8.14122607421875	-0.0044381307	0.0
7.95617431640625	0.0017254193	0.0
7.771123046875	0.0104400385	0.0
7.5860712890625	0.012985289	0.0
7.40102001953125	0.004326804	0.0
7.21596875	0.010971976	0.0
7.0309169921875	-0.0038140737	0.0
6.84586572265625	-0.0076131	0.0
6.660814453125	-0.0026007209	0.0
6.4757626953125	-0.010880949	0.0
6.29071142578125	-0.006558042	0.0
6.10565966796875	-0.004556806	9.534917808196042E-6
5.9206083984375	0.004776112	0.006756567396223545
5.73555712890625	0.019834239	0.037152282893657684
5.55050537109375	0.018827127	0.0016150823794305325
5.3654541015625	0.015056274	0.0
5.18040234375	0.010982392	0.0
4.99535107421875	-0.005678223	0.0
4.8102998046875	-0.010136242	0.0
4.625248046875	-0.006601865	0.0
4.44019677734375	-7.2662754E-4	0.0
4.2551455078125	0.002476619	0.0
4.07009375	0.0021498227	0.0
3.88504248046875	-0.00680885	0.0
3.699990966796875	-0.0013653911	0.0
3.514939453125	0.008715476	0.0
3.329887939453125	0.0150544215	0.0
3.144836669921875	0.0017347868	0.0
2.95978515625	-0.0012097701	0.0
2.774733642578125	-0.0033195976	0.0
2.58968212890625	-0.0058582677	0.0
2.404630859375	-0.0018966994	0.0
2.219579345703125	0.005593863	0.0
2.03452783203125	-0.0029351544	0.0
1.849476318359375	0.0028990826	0.0
1.6644249267578124	0.003323521	0.0
1.4793734130859375	-0.0010699218	0.0
1.294322021484375	-1.2376104E-4	0.0
1.1092705078125	0.0024041957	0.0
0.9242191162109376	0.003763601	0.0
0.7391676635742187	-0.0033844097	0.0
0.5541162109375	0.0037577464	0.0
0.36906472778320315	0.005426681	0.0
0.18401327514648438	9.081752E-5	0.0
-0.0010381790399551392	-0.0023603905	0.0
-0.18608963012695312	0.0013369654	0.0
