11.8688837890625	-0.01033122	0.0
11.71246875	0.0070277676	0.0
11.5560537109375	-0.0060677994	0.0
11.399638671875	0.0068865456	0.0
11.2432236328125	-0.005567812	0.0
11.08680859375	-0.010537341	0.0
10.9303935546875	0.018232465	0.0
10.7739775390625	0.008396673	0.0
10.6175625	-0.0018876796	0.0
10.4611474609375	5.853388E-4	0.0
10.304732421875	-0.0052448343	0.0
10.1483173828125	-0.0052474807	0.0
9.99190234375	0.007893954	0.0
9.8354873046875	-9.565811E-4	0.0
9.679072265625	0.0010436972	0.0
9.5226572265625	0.007651221	0.0
9.3662412109375	1.5016603E-4	0.0
9.209826171875	-0.0034277537	0.0
9.0534111328125	0.015383191	0.0
8.89699609375	-0.0015557571	0.0
8.7405810546875	-0.00178476	0.0
8.584166015625	-0.0032148745	0.0
8.4277509765625	-0.0010660188	0.0
8.2713359375	0.0041307905	0.0
8.11492041015625	0.0013497522	0.0
7.95850537109375	-0.004703547	0.0
7.80208984375	0.00409512	0.0
7.6456748046875	0.0024828683	0.0
7.489259765625	-0.010742903	0.0
7.3328447265625	0.0013289998	0.0
7.1764296875	-1.336422E-4	0.0
7.02001416015625	0.0012948387	0.0
6.86359912109375	-0.01057359	0.0
6.70718408203125	-4.4057114E-4	0.0
6.55076904296875	-1.3165938E-4	0.0
6.394353515625	0.014656735	0.0
6.2379384765625	0.0011530844	0.0
6.0815234375	-0.009033659	2.2550013454747386E-5
5.9251083984375	-0.00862461	0.004655907396227121
5.768693359375	0.015685875	0.02984548918902874
5.61227783203125	-0.007671277	0.006029051728546619
5.45586279296875	-0.005041234	3.783462307183072E-5
5.29944775390625	0.014140586	0.0
5.14303271484375	1.57718E-4	0.0
4.9866171875	0.006790657	0.0
4.8302021484375	-0.00790973	0.0
4.673787109375	-0.003588838	0.0
4.5173720703125	-0.0060100737	0.0
4.36095654296875	0.0037594184	0.0
4.20454150390625	-0.013912665	0.0
4.04812646484375	0.0018913499	0.0
3.891711181640625	-0.003571336	0.0
3.735296142578125	0.015027816	0.0
3.578881103515625	0.002149305	0.0
3.4224658203125	0.0062547303	0.0
3.26605078125	-0.005314443	0.0
3.109635498046875	0.0017878441	0.0
2.953220458984375	5.91866E-4	0.0
2.79680517578125	-0.010459058	0.0
2.64039013671875	0.005852406	0.0
2.483974853515625	-0.004749001	0.0
2.327559814453125	-0.009669808	0.0
2.17114453125	0.0060078534	0.0
2.0147294921875	0.0031871847	0.0
1.8583143310546875	0.003087015	0.0
1.701899169921875	-0.020700578	0.0
1.5454840087890624	-0.004045889	0.0
1.38906884765625	-0.004026167	0.0
1.2326536865234374	0.001375534	0.0
1.076238525390625	-0.0013928199	0.0
0.9198234252929688	-0.0038686465	0.0
0.7634082641601563	-0.0012499237	0.0
0.6069931030273438	-7.911075E-4	0.0
0.4505779724121094	-0.00242169	0.0
0.2941628112792969	0.0071984637	0.0
0.13774766540527345	0.0065357205	0.0
-0.018667482376098634	0.0078122797	0.0
-0.1750826416015625	-0.0028046863	0.0
