11.7746484375	0.0043740887	0.0
11.6182568359375	-4.6319174E-4	0.0
11.4618662109375	-0.0034026827	0.0
11.305474609375	-0.009335784	0.0
11.1490830078125	-0.0090536	0.0
10.9926923828125	-0.0035778051	0.0
10.83630078125	-0.0010444025	0.0
10.67991015625	0.0054828366	0.0
10.5235185546875	0.0011787981	0.0
10.367126953125	0.0061331424	0.0
10.210736328125	-0.0026452476	0.0
10.0543447265625	0.009382078	0.0
9.8979541015625	0.0043491875	0.0
9.7415625	-5.3565373E-4	0.0
9.5851708984375	0.0020213956	0.0
9.4287802734375	0.0043112827	0.0
9.272388671875	-0.011898296	0.0
9.115998046875	-0.013379889	0.0
8.9596064453125	0.005193091	0.0
8.80321484375	-0.004020752	0.0
8.64682421875	-0.0010455853	0.0
8.4904326171875	0.0115420185	0.0
8.3340419921875	-0.0149584105	0.0
8.177650390625	-0.013774341	0.0
8.02125927734375	-0.020764977	0.0
7.8648681640625	0.0070287297	0.0
7.7084765625	0.013381224	0.0
7.55208544921875	0.01220662	0.0
7.3956943359375	0.0042255498	0.0
7.23930322265625	-0.0021825114	0.0
7.082912109375	0.0030845786	0.0
6.9265205078125	-1.0462244E-4	0.0
6.77012939453125	0.021162331	0.0
6.61373828125	0.021829702	0.0
6.45734716796875	-0.009996978	0.0
6.3009560546875	-0.011671194	0.0
6.144564453125	-0.012156969	0.0
5.98817333984375	-0.007859508	8.12948914244771E-4
5.8317822265625	0.009131942	0.021111931651830673
5.67539111328125	0.0085217245	0.01720430888235569
5.519	0.0023578766	4.3885965715162456E-4
5.3626083984375	0.003912337	0.0
5.20621728515625	-0.0010099733	0.0
5.049826171875	-0.00870627	0.0
4.89343505859375	-0.009888281	0.0
4.7370439453125	-0.0057277493	0.0
4.58065234375	0.009781136	0.0
4.42426123046875	-0.0011210811	0.0
4.2678701171875	-0.012700261	0.0
4.11147900390625	0.0010628887	0.0
3.955087646484375	0.009159593	0.0
3.798696533203125	-7.35083E-4	0.0
3.64230517578125	-0.012720907	0.0
3.4859140625	-0.013876065	0.0
3.32952294921875	8.534329E-4	0.0
3.173131591796875	0.0022850013	0.0
3.016740478515625	0.010614565	0.0
2.86034912109375	-0.007352171	0.0
2.7039580078125	0.00419997	0.0
2.54756689453125	0.0087465495	0.0
2.391175537109375	0.0073027653	0.0
2.234784423828125	-0.008632085	0.0
2.07839306640625	0.0058757532	0.0
1.922001953125	-0.006917262	0.0
1.7656107177734375	-0.008294087	0.0
1.609219482421875	-0.010605314	0.0
1.452828369140625	0.008959106	0.0
1.2964371337890626	-4.518837E-4	0.0
1.1400458984375	-0.0076454147	0.0
0.9836547241210938	0.0022452865	0.0
0.8272634887695313	0.0066766534	0.0
0.6708722534179687	0.0066453055	0.0
0.5144810791015625	0.0051372005	0.0
0.35808984375	0.0015366697	0.0
0.20169863891601564	-0.0065311384	0.0
0.045307430267333984	-0.01063834	0.0
-0.11108377838134766	-0.0025952903	0.0
-0.2674749755859375	-0.017571004	0.0
