10.8220537109375	-0.0045656837	0.0
10.63712109375	-0.0027148528	0.0
10.4521884765625	0.007747868	0.0
10.267255859375	0.0041826167	0.0
10.0823232421875	0.001381244	0.0
9.897390625	-0.0019646867	0.0
9.7124580078125	-0.0022707977	0.0
9.527525390625	-0.002906928	0.0
9.3425927734375	-0.007893481	0.0
9.15766015625	-5.51415E-4	0.0
8.9727275390625	0.0031286848	0.0
8.787794921875	0.0015968661	0.0
8.6028623046875	1.263058E-4	0.0
8.4179296875	4.3304847E-4	0.0
8.2329970703125	0.001894587	0.0
8.04806494140625	-9.833808E-4	0.0
7.86313232421875	0.0036809118	0.0
7.67819970703125	0.0031666667	0.0
7.49326708984375	0.0015517569	0.0
7.30833447265625	0.0055936663	0.0
7.12340185546875	0.014444217	0.0
6.93846923828125	0.007001321	0.0
6.753537109375	-0.0044292295	0.0
6.5686044921875	-0.009508403	0.0
6.383671875	-0.006323569	0.0
6.1987392578125	0.0018774098	0.0
6.013806640625	0.011233184	3.5465959808789194E-4
5.8288740234375	0.01501346	0.013649608939886093
5.64394140625	0.0116033275	0.006978421937674284
5.4590087890625	0.0052538766	4.732473098556511E-5
5.274076171875	-0.0010504645	0.0
5.08914404296875	-0.0034212822	0.0
4.90421142578125	-2.6183462E-4	0.0
4.71927880859375	0.003366749	0.0
4.53434619140625	0.0012484188	0.0
4.34941357421875	0.003007678	0.0
4.16448095703125	0.0072299005	0.0
3.97954833984375	0.0033595301	0.0
3.794615966796875	0.0018348385	0.0
3.609683349609375	4.2743114E-4	0.0
3.424750732421875	0.0026630391	0.0
3.239818115234375	0.003967449	0.0
3.0548857421875	0.008093893	0.0
2.869953125	0.027822735	0.0
2.6850205078125	0.04274615	0.0
2.500087890625	0.028231287	0.0
2.3151552734375	0.008790502	0.0
2.130222900390625	1.3984012E-4	0.0
1.945290283203125	8.646752E-4	0.0
1.760357666015625	0.0020586462	0.0
1.5754251708984375	0.0047838213	0.0
1.3904925537109376	0.0012990362	0.0
1.20556005859375	-0.0022974964	0.0
1.02062744140625	-0.003982896	0.0
0.8356948852539062	-0.0018952169	0.0
