11.76286328125	0.001551829	0.0
11.6148623046875	-0.0037519285	0.0
11.466861328125	-0.0044129393	0.0
11.318859375	0.0011090899	0.0
11.1708583984375	0.0068997694	0.0
11.022857421875	-8.5603516E-4	0.0
10.87485546875	-0.005178385	0.0
10.7268544921875	0.0026343947	0.0
10.578853515625	0.002067175	0.0
10.4308515625	-0.004639076	0.0
10.2828505859375	-0.008138923	0.0
10.1348486328125	0.0052727307	0.0
9.98684765625	0.0027419522	0.0
9.8388466796875	0.011612442	0.0
9.6908447265625	0.0029921983	0.0
9.54284375	-0.004970418	0.0
9.3948427734375	-0.007914446	0.0
9.2468408203125	-0.012623989	0.0
9.09883984375	-0.0021779668	0.0
8.950837890625	-0.0031640008	0.0
8.8028369140625	0.008239409	0.0
8.6548359375	0.008270711	0.0
8.506833984375	0.0031327966	0.0
8.3588330078125	3.451025E-4	0.0
8.21083203125	-0.006622304	0.0
8.062830078125	-0.015805565	0.0
7.9148291015625	-0.019413713	0.0
7.76682763671875	-0.0032044542	0.0
7.618826171875	0.008063134	0.0
7.4708251953125	0.01812555	0.0
7.32282373046875	-0.0036445558	0.0
7.174822265625	-0.015077638	0.0
7.02682080078125	0.0023863877	0.0
6.87881982421875	0.005844054	0.0
6.730818359375	0.006600353	0.0
6.58281689453125	-8.771368E-4	0.0
6.4348154296875	0.004814882	0.0
6.286814453125	-0.006374329	0.0
6.13881298828125	-0.0019703817	0.0
5.9908115234375	0.0076645934	7.036591996438801E-4
5.84281005859375	9.599395E-4	0.017716648057103157
5.69480908203125	0.0058264877	0.020062437281012535
5.5468076171875	-0.0016987236	0.001023300806991756
5.39880615234375	-0.0048496695	0.0
5.2508046875	0.0027280834	0.0
5.1028037109375	0.006762432	0.0
4.95480224609375	-0.0048505627	0.0
4.80680078125	-0.007931803	0.0
4.65879931640625	-0.0024382162	0.0
4.51079833984375	0.0013288127	0.0
4.362796875	0.004444119	0.0
4.21479541015625	0.008503644	0.0
4.066794189453125	-8.298238E-4	0.0
3.91879296875	-0.0055507733	0.0
3.77079150390625	-0.005798295	0.0
3.622790283203125	0.0048401267	0.0
3.474788818359375	0.0024604672	0.0
3.32678759765625	-0.0031589093	0.0
3.1787861328125	-0.0034866643	0.0
3.030784912109375	-0.0017353494	0.0
2.882783447265625	0.0046145883	0.0
2.7347822265625	0.005710902	0.0
2.58678076171875	0.0015910744	0.0
2.438779541015625	-5.502153E-4	0.0
2.290778076171875	-0.006641659	0.0
2.14277685546875	-0.00622656	0.0
1.9947755126953124	-0.0073803193	0.0
1.846774169921875	-0.0033051397	0.0
1.6987728271484375	0.0019466962	0.0
1.550771484375	0.006959968	0.0
1.4027701416015625	0.011981576	0.0
1.254768798828125	0.01075494	0.0
1.1067674560546874	0.0030325716	0.0
0.95876611328125	-0.009499309	0.0
0.8107647705078125	0.0024484359	0.0
0.662763427734375	0.009471593	0.0
0.5147620849609374	8.7116443E-4	0.0
0.3667607421875	0.0012387387	0.0
0.21875941467285157	-0.0018993634	0.0
0.0707580795288086	-0.009736683	0.0
-0.07724325561523437	-0.007454132	0.0
-0.22524459838867186	-0.010952028	0.0
