10.7303115234375	-0.0030869627	0.0
10.5569833984375	6.244962E-4	0.0
10.383654296875	0.0011231657	0.0
10.210326171875	0.0018704333	0.0
10.036998046875	-3.2246596E-4	0.0
9.8636689453125	-0.0035065087	0.0
9.6903408203125	-0.0019905395	0.0
9.51701171875	-0.0010667744	0.0
9.34368359375	0.0061244406	0.0
9.17035546875	0.006693183	0.0
8.9970263671875	0.0042856433	0.0
8.8236982421875	0.0039637326	0.0
8.6503701171875	-7.584603E-5	0.0
8.477041015625	-0.005758138	0.0
8.303712890625	-0.007283181	0.0
8.13038427734375	-0.0033166641	0.0
7.9570556640625	-0.004336127	0.0
7.78372705078125	-0.0042337966	0.0
7.6103984375	0.0047423686	0.0
7.4370703125	0.0041801133	0.0
7.26374169921875	0.0017012213	0.0
7.0904130859375	0.004437754	0.0
6.91708447265625	0.0048268535	0.0
6.743755859375	0.0025117772	0.0
6.570427734375	-0.0025818774	0.0
6.39709912109375	-0.0021688133	0.0
6.2237705078125	-0.002027677	6.955955996090779E-6
6.05044189453125	1.3775534E-5	3.995684674009681E-4
5.87711328125	-9.060794E-4	0.002858129795640707
5.70378515625	-0.0018965325	0.0025483891367912292
5.53045654296875	-0.0033265625	2.8318612021394074E-4
5.3571279296875	-0.003383212	3.918688435078366E-6
5.18379931640625	-0.00211846	0.0
5.010470703125	-0.001496097	0.0
4.837142578125	0.0034045957	0.0
4.66381396484375	0.004362501	0.0
4.4904853515625	0.003124094	0.0
4.31715673828125	0.0014269678	0.0
4.14382861328125	0.0012870615	0.0
3.9705	7.3240726E-4	0.0
3.79717138671875	-0.004419636	0.0
3.6238427734375	-0.0033819363	0.0
3.450514404296875	-0.0036555985	0.0
3.277185791015625	-0.0025386661	0.0
3.103857421875	0.001162732	0.0
2.93052880859375	0.0019003733	0.0
2.757200439453125	0.0030051048	0.0
2.583871826171875	0.003695698	0.0
2.410543212890625	9.41565E-4	0.0
2.23721484375	-0.0026976988	0.0
2.06388623046875	-0.0024486538	0.0
1.8905577392578126	-0.0024345273	0.0
1.717229248046875	-2.0346226E-4	0.0
1.5439007568359375	0.0045433864	0.0
1.370572265625	0.00311164	0.0
1.1972437744140625	0.0013735737	0.0
1.0239152221679688	0.0010194201	0.0
0.8505867309570313	-0.0015167376	0.0
