10.783490234375	0.0067563276	0.0
10.637818359375	0.0027895335	0.0
10.492146484375	-5.201128E-4	0.0
10.346474609375	-0.004522266	0.0
10.200802734375	-0.007832976	0.0
10.055130859375	-0.004859465	0.0
9.909458984375	-0.0018159495	0.0
9.7637861328125	0.0016739545	0.0
9.6181142578125	0.0010218754	0.0
9.4724423828125	0.0026085488	0.0
9.3267705078125	0.0043674596	0.0
9.1810986328125	0.0071207616	0.0
9.0354267578125	0.005766672	0.0
8.8897548828125	0.005953276	0.0
8.7440830078125	0.004454221	0.0
8.59841015625	0.004044523	0.0
8.45273828125	0.004077154	0.0
8.30706640625	0.0035794077	0.0
8.16139453125	5.140827E-4	0.0
8.01572265625	-0.0014308606	0.0
7.87005078125	-0.0026264277	0.0
7.72437841796875	0.0040800436	0.0
7.57870654296875	0.0034627942	0.0
7.43303466796875	0.0018160124	0.0
7.28736279296875	-0.0040126927	0.0
7.1416904296875	-0.0080060465	0.0
6.9960185546875	-0.0061867256	0.0
6.8503466796875	-0.005769808	0.0
6.7046748046875	-0.001185717	0.0
6.55900244140625	-0.0014198762	0.0
6.41333056640625	-0.007953155	0.0
6.26765869140625	-0.008522559	1.3309194173416472E-6
6.12198681640625	0.0014230417	7.175523205660284E-5
5.976314453125	0.00880324	8.88294365722686E-4
5.830642578125	2.3029136E-4	0.002524999435991049
5.684970703125	-0.007955795	0.0016492289723828435
5.539298828125	-0.006029402	2.4741661036387086E-4
5.39362646484375	-0.001485977	8.522075404471252E-6
5.24795458984375	0.0017756365	0.0
5.10228271484375	0.0014258291	0.0
4.95661083984375	0.0038910606	0.0
4.8109384765625	0.003977857	0.0
4.6652666015625	-0.006862883	0.0
4.5195947265625	-0.0074368035	0.0
4.3739228515625	-0.0012153729	0.0
4.22825048828125	-0.0012296784	0.0
4.08257861328125	-0.0041281567	0.0
3.93690673828125	-0.0042148475	0.0
3.791234619140625	-3.4812274E-5	0.0
3.645562744140625	1.8772883E-4	0.0
3.499890625	0.0013250788	0.0
3.35421875	0.0063586608	0.0
3.208546630859375	0.005945776	0.0
3.062874755859375	0.003015963	0.0
2.91720263671875	0.0021938556	0.0
2.77153076171875	-0.0033021658	0.0
2.625858642578125	4.6214904E-4	0.0
2.480186767578125	-0.0016043428	0.0
2.3345146484375	6.296921E-4	0.0
2.1888427734375	0.003587783	0.0
2.043170654296875	0.0011022969	0.0
1.897498779296875	5.089136E-4	0.0
1.7518267822265625	0.0039807116	0.0
1.60615478515625	0.001516893	0.0
1.4604827880859375	-0.0021863147	0.0
1.314810791015625	-7.648559E-4	0.0
1.1691387939453124	-0.0019762455	0.0
1.0234667358398437	-0.0038340134	0.0
0.8777947387695313	-0.002509878	0.0
0.7321227416992188	-0.00403614	0.0
