11.826365234375	0.0021208741	0.0
11.680984375	0.0053401403	5.979312845738605E-6
11.535603515625	0.0038639014	2.762250369414687E-4
11.39022265625	0.0017950989	0.0029465979896485806
11.2448408203125	-6.4168853E-4	0.007258873898535967
11.0994599609375	-0.0017480673	0.004135509952902794
10.9540791015625	-0.0032619745	5.442811525426805E-4
10.8086982421875	-0.0034882075	1.653933031775523E-5
10.6633173828125	0.0012506038	0.0
10.5179365234375	3.1542304E-4	0.0
10.3725556640625	-0.0061634537	0.0
10.227173828125	-0.0013505832	0.0
10.08179296875	0.0013818353	0.0
9.936412109375	-2.2945687E-5	0.0
9.79103125	5.4581865E-4	0.0
9.645650390625	-3.1207543E-4	0.0
9.50026953125	7.285092E-4	0.0
9.354888671875	7.628681E-4	0.0
9.2095068359375	0.0011360289	0.0
9.0641259765625	0.0037020645	0.0
8.9187451171875	0.0051107933	0.0
8.7733642578125	-0.0017800091	0.0
8.6279833984375	-0.0045933803	0.0
8.4826025390625	-0.0034008203	0.0
8.3372216796875	-0.0021544509	0.0
8.19184033203125	0.0067264126	0.0
8.04645947265625	0.0032562453	0.0
7.901078125	-9.522158E-4	0.0
7.755697265625	0.0017302524	0.0
7.61031640625	0.00205417	0.0
7.46493505859375	-0.0013139925	0.0
7.31955419921875	-0.0015410008	0.0
7.17417333984375	-4.5121324E-4	0.0
7.02879248046875	-1.9295899E-4	0.0
6.8834111328125	0.0025108834	0.0
6.7380302734375	0.002840264	0.0
6.5926494140625	-0.00252481	0.0
6.44726806640625	-0.004603871	0.0
6.30188720703125	-0.005138397	0.0
6.15650634765625	-0.0036424152	8.986538159660995E-5
6.01112548828125	-0.0018422984	0.0015697530470788479
5.865744140625	0.0042042923	0.006331030745059252
5.72036328125	0.0032391986	0.005903350654989481
5.574982421875	0.0047848504	0.0012724287807941437
5.42960107421875	0.0047536357	6.332338671199977E-5
5.28422021484375	0.0019826288	0.0
5.13883935546875	-0.0019756835	0.0
4.99345849609375	0.0017269895	0.0
4.8480771484375	-8.5204735E-4	0.0
4.7026962890625	-8.276101E-4	0.0
4.5573154296875	-8.213103E-4	0.0
4.41193408203125	0.002699847	0.0
4.26655322265625	-6.349512E-4	0.0
4.12117236328125	-0.0027740863	0.0
3.975791259765625	-0.0036041038	0.0
3.830410400390625	9.971097E-4	0.0
3.685029296875	0.004596655	0.0
3.539648193359375	0.0010984838	0.0
3.394267333984375	-0.0032939387	0.0
3.24888623046875	-0.0063920487	0.0
3.10350537109375	6.1445293E-4	0.0
2.958124267578125	9.692194E-4	0.0
2.8127431640625	0.0030596284	0.0
2.6673623046875	0.002816432	0.0
2.521981201171875	0.0016361261	0.0
2.376600341796875	0.00478304	0.0
2.23121923828125	0.001222401	0.0
2.08583837890625	-0.0049479	0.0
1.940457275390625	7.520237E-4	0.0
1.7950762939453124	0.0035803998	0.0
1.6496953125	0.001081775	0.0
1.5043143310546876	-0.002107987	0.0
1.358933349609375	-0.0014150618	0.0
1.21355224609375	-0.0027361822	0.0
1.0681712646484376	0.00235395	0.0
0.922790283203125	-0.0042910916	0.0
0.7774093017578125	-0.003212927	0.0
0.6320283203125	-0.0016415087	0.0
0.4866473083496094	7.3083924E-5	0.0
0.34126629638671874	0.0012673734	0.0
0.1958852996826172	0.00558779	0.0
0.05050430679321289	0.0049288683	0.0
-0.09487669372558594	0.0032441688	0.0
-0.2402576904296875	-0.0017322167	0.0
