11.810193359375	0.006329995	0.0014118828112259507
11.6639365234375	0.003492842	0.006067370064556599
11.5176796875	-4.5288194E-5	0.005921650677919388
11.371423828125	-0.0024084589	0.0013125102268531919
11.2251669921875	-0.0040369993	6.598478648811579E-5
11.07891015625	-0.0046967682	0.0
10.9326533203125	-0.002141028	0.0
10.786396484375	-0.0046710754	0.0
10.6401396484375	-0.0012488787	0.0
10.4938837890625	0.004626493	0.0
10.347626953125	-7.4024894E-5	0.0
10.2013701171875	-1.4929747E-4	0.0
10.05511328125	-5.021537E-4	0.0
9.9088564453125	0.0086742025	0.0
9.762599609375	0.004038149	0.0
9.6163427734375	0.0038835136	0.0
9.4700869140625	-0.0019219483	0.0
9.323830078125	-0.004642242	0.0
9.1775732421875	-0.0070410296	0.0
9.03131640625	-6.875656E-4	0.0
8.8850595703125	0.0017306695	0.0
8.738802734375	0.0015593687	0.0
8.5925458984375	-6.5431395E-4	0.0
8.4462900390625	-3.9464424E-4	0.0
8.300033203125	0.006601534	0.0
8.1537763671875	-0.00123379	0.0
8.00751953125	-0.003981225	0.0
7.8612626953125	-0.004198678	0.0
7.71500634765625	-0.0039874213	0.0
7.56874951171875	-0.0049796193	0.0
7.42249267578125	-0.0013108181	0.0
7.276236328125	0.0017783212	0.0
7.1299794921875	0.004896526	0.0
6.98372265625	-9.584835E-5	0.0
6.83746630859375	-2.3105682E-4	0.0
6.69120947265625	0.0012149407	0.0
6.54495263671875	-0.0012977442	0.0
6.39869580078125	0.0011983	0.0
6.252439453125	0.0011193407	6.00347721047001E-6
6.1061826171875	-0.0018718801	2.810186124406755E-4
5.95992578125	-0.0029321162	0.0029842574149370193
5.81366943359375	1.8280228E-4	0.007190773729234934
5.66741259765625	-5.9299346E-4	0.00393695430830121
5.52115576171875	0.0031526806	4.892090219072998E-4
5.3748994140625	5.175432E-4	1.3790150660497602E-5
5.228642578125	9.0126216E-4	0.0
5.0823857421875	0.001952761	0.0
4.93612939453125	2.2757886E-4	0.0
4.78987255859375	0.002602664	0.0
4.64361572265625	0.008869224	0.0
4.49735888671875	0.0036522113	0.0
4.3511025390625	0.0010842707	0.0
4.204845703125	0.003113788	0.0
4.058589111328125	-0.0036108664	0.0
3.912332275390625	-0.0038005419	0.0
3.76607568359375	0.0017243114	0.0
3.61981884765625	0.0019607868	0.0
3.473562255859375	-5.9637014E-4	0.0
3.3273056640625	6.489921E-4	0.0
3.181048828125	2.644716E-4	0.0
3.034792236328125	-7.65244E-4	0.0
2.88853564453125	-0.003989203	0.0
2.74227880859375	-7.0259254E-4	0.0
2.596022216796875	-0.0043865447	0.0
2.449765380859375	-0.006862674	0.0
2.3035087890625	-8.218947E-4	0.0
2.157252197265625	0.0032552988	0.0
2.010995361328125	0.0057776114	0.0
1.86473876953125	0.0031390535	0.0
1.7184820556640625	-0.0027583046	0.0
1.572225341796875	-0.0022641197	0.0
1.4259686279296875	-0.0042651207	0.0
1.2797119140625	-9.917922E-4	0.0
1.133455322265625	-0.0033699812	0.0
0.9871986083984375	-0.0045263753	0.0
0.84094189453125	-0.001580875	0.0
0.6946851806640625	4.7728437E-4	0.0
0.5484285278320312	0.0041030203	0.0
0.40217181396484375	-7.542E-4	0.0
0.2559151458740234	0.0018798113	0.0
0.10965845489501953	0.004958641	0.0
-0.036598236083984374	8.1158226E-4	0.0
-0.18285491943359375	-0.001528352	0.0
