#xValues(km/s)	yValues(K)	simulate(Show Plot)	simulate(All Species)
10.82780078125	0.0020461006	0.0	0.0
10.680431640625	6.2898314E-4	0.0	0.0
10.5330625	-0.003451801	0.0	0.0
10.3856943359375	-0.004721476	0.0	0.0
10.2383251953125	-0.0012483979	0.0	0.0
10.0909560546875	9.793701E-4	0.0	0.0
9.9435869140625	-0.0028097718	0.0	0.0
9.79621875	-0.0024286392	0.0	0.0
9.648849609375	-0.002633919	0.0	0.0
9.50148046875	-0.0013844339	0.0	0.0
9.3541123046875	0.0013788553	0.0	0.0
9.2067431640625	0.005267832	0.0	0.0
9.0593740234375	0.0036105851	0.0	0.0
8.912005859375	6.46301E-4	0.0	0.0
8.76463671875	0.0021265927	1.8014501392826787E-6	0.0
8.617267578125	0.0026252605	1.26328639453277E-4	0.0
8.4698994140625	0.001529246	0.0019651225302368402	0.0
8.3225302734375	1.0592995E-4	0.006780041381716728	0.0
8.1751611328125	-0.0040148776	0.005193689838051796	0.0
8.02779248046875	-0.0071173836	8.829698781482875E-4	0.0
7.880423828125	-0.0028648654	3.329214086988941E-5	0.0
7.7330546875	-0.0015421029	0.0	0.0
7.58568603515625	1.9554251E-4	0.0	0.0
7.4383173828125	-6.433511E-5	0.0	0.0
7.2909482421875	-0.002349098	0.0	0.0
7.14357958984375	-0.0027852282	0.0	0.0
6.99621044921875	-0.0022128501	0.0	0.0
6.848841796875	0.0013267894	0.0	0.0
6.70147314453125	0.002657758	0.0	0.0
6.55410400390625	0.0015162893	0.0	0.0
6.4067353515625	-0.0010694497	0.0	0.0
6.25936669921875	-0.0016279555	7.81539438321488E-6	0.0
6.11199755859375	0.0019007104	4.020237538497895E-4	0.0
5.96462890625	0.0040473063	0.00458645261824131	0.0
5.817259765625	-0.0021320262	0.011605719104409218	0.0
5.66989111328125	-0.00397406	0.006524576339870691	0.0
5.5225224609375	0.0040362305	8.138942066580057E-4	0.0
5.3751533203125	0.00457588	2.2514077500090934E-5	0.0
5.22778466796875	-6.6385965E-4	0.0	0.0
5.080416015625	-0.0029224937	0.0	0.0
4.933046875	-4.7670866E-4	0.0	0.0
4.78567822265625	-0.0025291191	0.0	0.0
4.63830908203125	-0.0052343677	0.0	0.0
4.4909404296875	-0.0013941613	0.0	0.0
4.34357177734375	-0.0025696051	0.0	0.0
4.19620263671875	-7.164654E-5	0.0	0.0
4.048833984375	0.0047491905	0.0	0.0
3.901465087890625	0.001107937	7.219307735795155E-5	0.0
3.75409619140625	-7.7528163E-4	0.0014178495621308684	0.0
3.6067275390625	4.8845675E-4	0.006176195573061705	0.0
3.459358642578125	7.0855557E-4	0.005972603335976601	0.0
3.31198974609375	9.937095E-4	0.0012821394484490156	0.0
3.164620849609375	-8.64942E-4	6.104644853621721E-5	0.0
3.017252197265625	-7.9337246E-4	0.0	0.0
2.86988330078125	0.0015261217	0.0	0.0
2.722514404296875	0.0012288253	0.0	0.0
2.5751455078125	0.0046392097	0.0	0.0
2.42777685546875	0.005058178	0.0	0.0
2.280407958984375	0.0044508167	0.0	0.0
2.1330390625	0.0026080988	0.0	0.0
1.9856702880859376	9.693001E-4	0.0	0.0
1.8383013916015625	-0.003330873	0.0	0.0
1.6909326171875	-0.0030102122	0.0	0.0
1.543563720703125	-0.0010011337	0.0	0.0
1.3961949462890626	3.9479652E-4	0.0	0.0
1.2488260498046875	-0.0011606327	0.0	0.0
1.101457275390625	-0.0022210835	0.0	0.0
0.9540884399414062	-0.0012403156	0.0	0.0
0.8067196044921875	0.001392537	0.0	0.0
