10.860556640625	0.0030282836	0.0
10.677087890625	-0.0061013615	0.0
10.493619140625	-0.012547714	0.0
10.310150390625	-0.006042099	0.0
10.126681640625	0.0048343996	0.0
9.943212890625	0.011498816	0.0
9.7597451171875	0.007212232	0.0
9.5762763671875	0.0029648931	0.0
9.3928076171875	-0.0015881149	0.0
9.2093388671875	-0.0018940095	0.0
9.0258701171875	0.0046193996	0.0
8.8424013671875	0.0023666548	0.0
8.6589326171875	-0.002665016	0.0
8.4754638671875	-0.0016377622	0.0
8.29199609375	-0.0019604734	0.0
8.10852685546875	0.0024530932	0.0
7.92505810546875	0.0073813107	0.0
7.74158984375	0.0014757118	0.0
7.55812109375	0.001885087	0.0
7.37465234375	2.1724598E-4	0.0
7.19118359375	-0.00472482	0.0
7.00771533203125	-0.002580274	0.0
6.82424658203125	0.0023678096	0.0
6.64077783203125	8.721415E-4	0.0
6.45730908203125	-0.007550182	0.0
6.2738408203125	-0.01077706	3.5411733279033797E-6
6.0903720703125	-0.0092589	4.569748998619616E-4
5.9069033203125	0.002540551	0.00571318157017231
5.7234345703125	0.006508808	0.006927913520485163
5.53996630859375	0.0038156079	8.151795482262969E-4
5.35649755859375	0.0030012962	9.291999049310107E-6
5.17302880859375	-2.7309117E-4	0.0
4.98956005859375	-0.0028358358	0.0
4.806091796875	0.0021687609	0.0
4.622623046875	0.0050640507	0.0
4.439154296875	0.006387013	0.0
4.255685546875	0.0027659163	0.0
4.072217041015625	-5.185755E-4	0.0
3.888748291015625	-0.0062580644	0.0
3.70527978515625	-0.0024063962	0.0
3.52181103515625	4.305223E-4	0.0
3.338342529296875	0.002688058	0.0
3.154873779296875	0.0021173363	0.0
2.9714052734375	0.010601838	0.0
2.7879365234375	0.01083812	0.0
2.604468017578125	0.0058681676	0.0
2.420999267578125	-9.571273E-4	0.0
2.23753076171875	0.005457493	0.0
2.05406201171875	0.004679991	0.0
1.8705933837890625	-0.0035759876	0.0
1.687124755859375	-0.008375842	0.0
1.5036561279296874	-0.0068968376	0.0
1.3201875	-0.014781576	0.0
1.1367188720703125	-0.015958313	0.0
0.953250244140625	-0.0064766905	0.0
0.7697816162109375	-3.1125356E-4	0.0
