10.8573681640625	0.0052759824	0.0
10.67085546875	0.0058364463	0.0
10.484341796875	-0.005190446	0.0
10.2978291015625	-0.005115024	0.0
10.1113154296875	-0.0012476125	0.0
9.924802734375	0.002122596	0.0
9.7382890625	0.0024486275	0.0
9.5517763671875	-0.0011258177	0.0
9.3652626953125	0.0015724711	0.0
9.17875	0.0036505533	0.0
8.992236328125	0.0053585325	0.0
8.8057236328125	0.0017984322	0.0
8.6192099609375	0.0026427503	0.0
8.432697265625	-0.005026267	0.0
8.24618359375	-0.0059909727	0.0
8.0596708984375	-1.5726876E-4	0.0
7.87315771484375	-3.5279916E-4	0.0
7.68664453125	-0.0013540883	0.0
7.50013134765625	-0.0010574501	0.0
7.3136181640625	-0.0011446011	0.0
7.12710498046875	-0.0018492973	0.0
6.940591796875	0.0020896392	0.0
6.75407861328125	0.0065291976	0.0
6.5675654296875	0.0053828824	0.0
6.38105224609375	0.0059205843	0.0
6.1945390625	0.0011345869	3.689683217089623E-5
6.00802587890625	-0.0018388319	0.0018147085793316364
5.8215126953125	-0.004673134	0.007997700944542885
5.63499951171875	-0.0020297342	0.0031647831201553345
5.448486328125	-0.004999905	1.122580433730036E-4
5.26197314453125	0.0021897817	0.0
5.0754599609375	0.006160565	0.0
4.88894677734375	0.0058654607	0.0
4.70243359375	0.0052198577	0.0
4.51592041015625	0.0053788223	0.0
4.3294072265625	0.0037125784	0.0
4.14289404296875	-0.0035205034	0.0
3.956380859375	0.001648832	0.0
3.76986767578125	0.003977099	0.0
3.5833544921875	0.0046034856	0.0
3.39684130859375	0.007437607	0.0
3.210328125	0.001589378	0.0
3.02381494140625	-0.0022653847	0.0
2.8373017578125	-5.9120136E-4	0.0
2.65078857421875	-1.0645774E-5	0.0
2.464275390625	-6.376638E-4	0.0
2.27776220703125	-0.003065171	0.0
2.0912490234375	-0.008386434	0.0
1.9047359619140625	-0.0052797627	0.0
1.7182227783203126	-7.3627254E-4	0.0
1.5317095947265624	2.0777305E-4	0.0
1.3451964111328125	-0.0018511919	0.0
1.1586832275390626	0.0013464198	0.0
0.9721700439453125	-8.750285E-4	0.0
0.7856568603515625	0.002652151	0.0
