10.79166796875	0.0019904794	0.0
10.6183505859375	-0.0017313751	0.0
10.445033203125	-0.0020665366	0.0
10.271716796875	0.0016568674	0.0
10.0983994140625	0.003216847	0.0
9.9250830078125	0.0033140592	0.0
9.751765625	-0.0018536692	0.0
9.5784482421875	-0.004248249	0.0
9.4051318359375	-0.0028058172	0.0
9.231814453125	4.755652E-4	0.0
9.0584970703125	1.7170477E-4	0.0
8.8851806640625	1.5792983E-4	0.0
8.71186328125	-0.0010420464	0.0
8.538546875	1.8839464E-4	0.0
8.3652294921875	6.196164E-4	0.0
8.19191259765625	9.717552E-4	0.0
8.01859521484375	-1.1420713E-4	0.0
7.8452783203125	-1.8860748E-4	0.0
7.67196142578125	0.003292815	0.0
7.49864453125	0.0069062477	0.0
7.3253271484375	0.0033516681	0.0
7.15201025390625	1.0475188E-4	0.0
6.978693359375	4.5893824E-4	0.0
6.80537646484375	7.48992E-4	0.0
6.63205908203125	0.0026162183	0.0
6.4587421875	0.0046281945	0.0
6.28542529296875	9.540805E-4	1.493474087510549E-6
6.11210791015625	-0.004256557	1.799322199076414E-4
5.938791015625	-0.0040032743	0.0027005341835319996
5.76547412109375	-3.3770018E-4	0.0050508370622992516
5.5921572265625	2.0818114E-4	0.0011781338835135102
5.41883984375	0.0014180983	3.423206362640485E-5
5.24552294921875	-9.543564E-4	0.0
5.0722060546875	-0.0027608443	0.0
4.89888916015625	6.946087E-4	0.0
4.72557177734375	0.0038158854	0.0
4.5522548828125	0.0014723504	0.0
4.37893798828125	1.3091556E-4	0.0
4.20562109375	0.0017849477	0.0
4.032303955078125	-4.751138E-4	0.0
3.85898681640625	-0.0010347579	0.0
3.685669921875	0.002249746	0.0
3.512352783203125	0.0036661904	0.0
3.339035888671875	0.0021935243	0.0
3.16571875	7.7060045E-4	0.0
2.99240185546875	-2.2902041E-4	0.0
2.819084716796875	-0.0014467716	0.0
2.645767822265625	-0.0035424994	0.0
2.47245068359375	-0.0021924647	0.0
2.2991337890625	0.0020798554	0.0
2.125816650390625	0.0015747569	0.0
1.9524996337890625	0.0033313385	0.0
1.7791826171875	0.002275041	0.0
1.6058656005859375	0.0032780925	0.0
1.432548583984375	0.0044543506	0.0
1.2592315673828125	0.0052249692	0.0
1.08591455078125	2.8680038E-4	0.0
0.9125975341796875	0.0020699282	0.0
0.739280517578125	0.0066244765	0.0
