10.7670703125	-0.0019856454	0.0
10.6214111328125	-0.002798749	0.0
10.4757509765625	-0.0049153394	0.0
10.330091796875	-0.0071217082	0.0
10.184431640625	-0.002680174	0.0
10.038771484375	-0.0011293599	0.0
9.8931123046875	-0.005071954	0.0
9.7474521484375	-0.007122819	0.0
9.60179296875	-0.00445532	0.0
9.4561328125	-0.004474746	0.0
9.3104736328125	-0.0039831847	0.0
9.1648134765625	-0.0034307134	0.0
9.0191533203125	-1.3538379E-4	0.0
8.873494140625	0.0015275243	0.0
8.727833984375	0.0011840585	0.0
8.5821748046875	-0.0011578635	0.0
8.4365146484375	-0.0033776744	0.0
8.29085546875	-0.0014596718	0.0
8.1451953125	-0.0012675787	0.0
7.99953564453125	0.006269419	0.0
7.8538759765625	9.562626E-4	0.0
7.70821630859375	-0.0015161638	0.0
7.562556640625	3.7696288E-4	0.0
7.416896484375	0.0013927297	0.0
7.27123681640625	1.1101805E-4	0.0
7.1255771484375	-0.0011481758	0.0
6.97991748046875	0.0021701376	0.0
6.8342578125	-6.382401E-4	0.0
6.68859814453125	-0.003159	0.0
6.5429384765625	-1.9617203E-4	0.0
6.3972783203125	6.195746E-4	0.0
6.25161865234375	2.3400839E-4	3.828844455711078E-6
6.105958984375	0.001993517	1.7550952907186002E-4
5.96029931640625	0.004170911	0.0018476758850738406
5.8146396484375	0.0044668564	0.0044676861725747585
5.66897998046875	0.004356849	0.0024831052869558334
5.5233203125	0.0022313166	3.1703378772363067E-4
5.37766015625	9.616825E-4	9.295824384025764E-6
5.23200048828125	-3.8526746E-4	0.0
5.0863408203125	0.004534609	0.0
4.94068115234375	0.006384602	0.0
4.795021484375	0.0018767015	0.0
4.64936181640625	-0.0010368284	0.0
4.5037021484375	-6.728675E-4	0.0
4.3580419921875	0.002681912	0.0
4.21238232421875	0.0028952202	0.0
4.06672265625	0.0018033781	0.0
3.92106298828125	-3.9805975E-4	0.0
3.7754033203125	-0.0028074328	0.0
3.629743408203125	-7.359989E-4	0.0
3.484083740234375	0.0013738913	0.0
3.338424072265625	0.0012041647	0.0
3.192764404296875	0.001854455	0.0
3.0471044921875	0.0050287102	0.0
2.90144482421875	-2.1882479E-4	0.0
2.75578515625	-0.0054053916	0.0
2.610125244140625	-0.001949378	0.0
2.464465576171875	0.0015519164	0.0
2.318805908203125	0.0017799719	0.0
2.173146240234375	-0.0016308599	0.0
2.0274864501953127	-2.2049826E-4	0.0
1.88182666015625	0.002708017	0.0
1.7361668701171875	4.941667E-4	0.0
1.5905072021484374	0.0012353596	0.0
1.444847412109375	-0.0034736902	0.0
1.299187744140625	-0.0024173069	0.0
1.1535279541015624	0.0042456	0.0
1.0078682250976563	0.004057462	0.0
0.86220849609375	0.004812585	0.0
