10.81048828125	-0.0029199205	8.907897608878557E-6
10.665107421875	0.0016186011	0.0
10.5197265625	0.0010305077	0.0
10.374345703125	-3.36E-4	0.0
10.22896484375	-0.0016119854	0.0
10.083583984375	-3.6581335E-4	0.0
9.938203125	-2.7826134E-4	0.0
9.792822265625	0.0050435713	0.0
9.6474404296875	0.0046576248	0.0
9.5020595703125	-5.9824877E-5	0.0
9.3566787109375	-0.0011941892	0.0
9.2112978515625	-0.0032615042	0.0
9.0659169921875	-0.0028803877	0.0
8.9205361328125	-0.0039947843	0.0
8.7751552734375	-0.0039027743	0.0
8.6297744140625	5.3203804E-4	0.0
8.484392578125	2.4920914E-4	0.0
8.33901171875	2.587653E-4	0.0
8.193630859375	-1.7397E-4	0.0
8.04825	0.0046058847	0.0
7.902869140625	1.9179923E-4	0.0
7.75748828125	-0.0010020481	0.0
7.612107421875	-0.0020908373	0.0
7.46672607421875	0.0015582227	0.0
7.32134521484375	0.0022574305	0.0
7.17596435546875	0.0029272512	0.0
7.03058349609375	0.0026904463	0.0
6.8852021484375	7.2615786E-4	0.0
6.7398212890625	-5.9849257E-4	0.0
6.5944404296875	0.0032478704	0.0
6.4490595703125	0.0058220606	0.0
6.30367822265625	0.004334827	0.0
6.15829736328125	8.6446205E-4	4.394669667817652E-5
6.01291650390625	-6.2492245E-4	7.817390724085271E-4
5.86753564453125	-0.0012126322	0.0032116274815052748
5.722154296875	-0.0060140956	0.0030490849167108536
5.5767734375	-0.0068737026	6.689177826046944E-4
5.431392578125	-0.0052423854	3.389228004380129E-5
5.28601171875	6.0946135E-5	0.0
5.14063037109375	-0.0015460994	0.0
4.99524951171875	5.183139E-4	0.0
4.84986865234375	8.358137E-4	0.0
4.70448779296875	-2.4420416E-4	0.0
4.55910693359375	-2.530483E-4	0.0
4.4137255859375	3.3432237E-4	0.0
4.2683447265625	0.0030204416	0.0
4.1229638671875	1.4403473E-4	0.0
3.977582763671875	-0.0013968637	0.0
3.832201904296875	8.1270805E-4	0.0
3.68682080078125	3.0658522E-4	0.0
3.54143994140625	0.0022991071	0.0
3.396058837890625	0.0039830664	0.0
3.250677978515625	1.4062853E-4	0.0
3.105296875	-0.00457917	0.0
2.959916015625	-0.0014907696	0.0
2.814534912109375	5.3337397E-4	0.0
2.669154052734375	5.6632695E-4	0.0
2.52377294921875	0.0055568856	0.0
2.37839208984375	0.0062028784	0.0
2.233010986328125	0.003475009	0.0
2.087630126953125	1.3665615E-4	0.0
1.9422491455078126	-0.006647476	0.0
1.7968681640625	-0.007900233	0.0
1.6514871826171875	0.0016957751	0.0
1.506106201171875	4.0830916E-4	0.0
1.3607252197265625	-0.004933003	0.0
1.21534423828125	-0.0021654437	0.0
1.0699632568359374	0.0014466437	0.0
0.924582275390625	-1.8762433E-4	0.0
0.7792012939453125	-0.0014586075	0.0
