10.7616572265625	-0.008898593	0.0
10.6162734375	-0.0062604337	0.0
10.470890625	-0.005866178	0.0
10.3255068359375	-0.007820801	0.0
10.180123046875	-0.012040899	0.0
10.0347392578125	-0.010944717	0.0
9.88935546875	-0.011705306	0.0
9.74397265625	-0.009039818	0.0
9.5985888671875	-0.008045807	0.0
9.453205078125	-0.006309178	0.0
9.3078212890625	-0.0039970097	0.0
9.1624375	-0.0032207551	0.0
9.0170537109375	-0.0059533305	0.0
8.8716708984375	-0.004229442	0.0
8.726287109375	-0.0029436958	0.0
8.5809033203125	6.5915956E-5	0.0
8.43551953125	0.004621216	0.0
8.2901357421875	0.0038018988	0.0
8.14475244140625	7.665239E-4	0.0
7.99936865234375	-0.0030061959	0.0
7.8539853515625	7.5523836E-5	0.0
7.7086015625	0.002579714	0.0
7.56321826171875	-0.0010972298	0.0
7.41783447265625	-5.185071E-4	0.0
7.27245068359375	0.0012129303	0.0
7.1270673828125	-5.251225E-4	0.0
6.98168359375	0.00133332	0.0
6.8362998046875	0.0061566215	0.0
6.69091650390625	0.0049878014	0.0
6.54553271484375	0.0031419825	0.0
6.40014892578125	-0.0012756318	0.0
6.254765625	-2.825473E-4	2.8898928121634526E-6
6.1093818359375	-0.0044746515	1.3593964104074985E-4
5.96399853515625	-0.0041277693	0.00147686165291816
5.81861474609375	0.0010407016	0.003705851500853896
5.67323095703125	0.001069992	0.002149139763787389
5.52784765625	-0.003948948	2.879136591218412E-4
5.3824638671875	-0.0029199205	8.907897608878557E-6
5.237080078125	0.0016186011	0.0
5.09169677734375	0.0010305077	0.0
4.94631298828125	-3.36E-4	0.0
4.8009296875	-0.0016119854	0.0
4.6555458984375	-3.6581335E-4	0.0
4.510162109375	-2.7826134E-4	0.0
4.36477880859375	0.0050435713	0.0
4.21939501953125	0.0046576248	0.0
4.074011474609375	-5.9824877E-5	0.0
3.928627685546875	-0.0011941892	0.0
3.783244140625	-0.0032615042	0.0
3.637860595703125	-0.0028803877	0.0
3.49247705078125	-0.0039947843	0.0
3.34709326171875	-0.0039027743	0.0
3.201709716796875	5.3203804E-4	0.0
3.056326171875	2.4920914E-4	0.0
2.910942626953125	2.587653E-4	0.0
2.765558837890625	-1.7397E-4	0.0
2.62017529296875	0.0046058847	0.0
2.474791748046875	1.9179923E-4	0.0
2.329408203125	-0.0010020481	0.0
2.1840244140625	-0.0020908373	0.0
2.038640869140625	0.0015582227	0.0
1.89325732421875	0.0022574305	0.0
1.7478736572265625	0.0029272512	0.0
1.6024901123046875	0.0026904463	0.0
1.4571064453125	7.2615786E-4	0.0
1.311722900390625	-5.9849257E-4	0.0
1.1663392333984375	0.0032478704	0.0
1.0209556274414062	0.0058220606	0.0
0.875572021484375	0.004334827	0.0
0.7301884155273437	8.6446205E-4	4.394669667817652E-5
