11.81171875	-0.0011572449	0.0010803709737956524
11.6654619140625	-0.0020188212	0.0047159017994999886
11.5192060546875	-0.0015691046	0.004674320574849844
11.37294921875	0.001351044	0.0010520288487896323
11.2266923828125	-6.3472654E-4	5.371239603846334E-5
11.080435546875	-0.0060856687	0.0
10.9341787109375	-0.004708088	0.0
10.7879228515625	-0.001972606	0.0
10.641666015625	-0.0026627812	0.0
10.4954091796875	-0.002048786	0.0
10.34915234375	-0.004445833	0.0
10.2028955078125	-0.003830035	0.0
10.056638671875	0.002210919	0.0
9.9103828125	-6.1678264E-4	0.0
9.7641259765625	-5.9860264E-4	0.0
9.617869140625	-4.6709602E-4	0.0
9.4716123046875	0.0021296935	0.0
9.32535546875	0.0065382854	0.0
9.1790986328125	0.0076658386	0.0
9.0328427734375	0.0028547773	0.0
8.8865859375	-0.0014727879	0.0
8.7403291015625	-0.001690379	0.0
8.594072265625	0.002300587	0.0
8.4478154296875	0.0012553639	0.0
8.30155859375	8.75023E-4	0.0
8.15530224609375	0.0016913374	0.0
8.0090458984375	-0.0036892982	0.0
7.8627890625	-0.0032881259	0.0
7.7165322265625	-0.004136361	0.0
7.57027587890625	-0.0020036695	0.0
7.42401904296875	-5.741842E-4	0.0
7.27776220703125	-3.6045324E-4	0.0
7.131505859375	-2.2963676E-4	0.0
6.9852490234375	0.0012491809	0.0
6.8389921875	-0.0013180093	0.0
6.69273583984375	-0.0037463051	0.0
6.54647900390625	-0.0020128072	0.0
6.40022265625	0.009798942	0.0
6.2539658203125	0.013687755	4.480549250729382E-6
6.107708984375	0.011104456	2.1300269872881472E-4
5.96145263671875	0.004835291	0.0022974922321736813
5.81519580078125	0.0025594246	0.0056230854243040085
5.66893896484375	0.00447256	0.003126292722299695
5.5226826171875	0.0012914796	3.94494243664667E-4
5.37642578125	-0.0011791989	1.1293437637505122E-5
5.2301689453125	-0.0018036544	0.0
5.08391259765625	-0.0019844614	0.0
4.93765576171875	-0.0026098785	0.0
4.79139892578125	-0.0033403737	0.0
4.645142578125	-0.0067269006	0.0
4.4988857421875	-0.0056988145	0.0
4.35262890625	-0.0014350201	0.0
4.20637255859375	0.0041269767	0.0
4.06011572265625	0.0055598915	0.0
3.913859130859375	0.0077955616	0.0
3.7676025390625	0.0075302636	0.0
3.621345703125	0.005248446	0.0
3.475089111328125	-1.1864482E-4	0.0
3.32883251953125	2.2849011E-4	0.0
3.18257568359375	-0.003037639	0.0
3.036319091796875	-4.6210876E-4	0.0
2.8900625	0.0029854928	0.0
2.7438056640625	-9.470064E-4	0.0
2.597549072265625	-0.0057159355	0.0
2.45129248046875	-0.0049783434	0.0
2.305035888671875	-0.001521156	0.0
2.158779052734375	-0.0011131832	0.0
2.0125224609375	3.2321404E-4	0.0
1.8662657470703126	-0.0013135854	0.0
1.7200091552734376	2.4016023E-4	0.0
1.57375244140625	0.0029089882	0.0
1.4274957275390625	0.003048534	0.0
1.2812391357421875	0.0018159278	0.0
1.134982421875	0.0034410635	0.0
0.9887257690429687	0.006814826	0.0
0.8424691162109375	0.0041573923	0.0
0.6962124633789063	-0.0017552058	0.0
0.549955810546875	-0.0057624313	0.0
0.40369912719726564	-0.0037143817	0.0
0.25744244384765624	-0.004373225	0.0
0.111185791015625	-0.004477945	0.0
-0.03507087326049805	-0.0037236756	0.0
-0.18132754516601562	-0.0034635486	0.0
