10.7879228515625	-0.0012534157	0.0
10.641666015625	2.5425327E-4	0.0
10.4954091796875	3.8816762E-4	0.0
10.34915234375	-0.0033802367	0.0
10.2028955078125	-0.002407334	0.0
10.056638671875	0.0021533014	0.0
9.9103828125	6.0060644E-5	0.0
9.7641259765625	0.0012423297	0.0
9.617869140625	-8.435084E-4	0.0
9.4716123046875	0.001461458	0.0
9.32535546875	0.00584718	0.0
9.1790986328125	0.0066876626	0.0
9.0328427734375	0.0047562066	0.0
8.8865859375	0.0014488337	0.0
8.7403291015625	-7.6389656E-4	0.0
8.594072265625	2.4630423E-4	0.0
8.4478154296875	-5.8258296E-4	0.0
8.30155859375	-0.0027802086	0.0
8.15530224609375	-2.8680876E-4	0.0
8.0090458984375	-0.0044055358	0.0
7.8627890625	-0.0039437455	0.0
7.7165322265625	-0.0019643416	0.0
7.57027587890625	-0.00141939	0.0
7.42401904296875	-9.221378E-4	0.0
7.27776220703125	-2.4212416E-6	0.0
7.131505859375	0.0018449181	0.0
6.9852490234375	0.0023465445	0.0
6.8389921875	-7.695241E-4	0.0
6.69273583984375	-0.0013571552	0.0
6.54647900390625	0.00211597	0.0
6.40022265625	0.011077801	0.0
6.2539658203125	0.013253981	2.9272532628965564E-6
6.107708984375	0.0112381885	1.3916187162976712E-4
5.96145263671875	0.0047920616	0.0015012412331998348
5.81519580078125	0.0020976928	0.003675097366794944
5.66893896484375	0.005443697	0.002042915439233184
5.5226826171875	0.004652218	2.577396226115525E-4
5.37642578125	0.004425884	7.378285317827249E-6
5.2301689453125	0.0020451418	0.0
5.08391259765625	0.0014444839	0.0
4.93765576171875	5.605234E-4	0.0
4.79139892578125	1.3939911E-4	0.0
4.645142578125	-0.001786202	0.0
4.4988857421875	8.299336E-4	0.0
4.35262890625	0.0033511368	0.0
4.20637255859375	0.0063653695	0.0
4.06011572265625	0.00818143	0.0
3.913859130859375	0.0092192395	0.0
3.7676025390625	0.006359293	0.0
3.621345703125	0.0023089133	0.0
3.475089111328125	-0.00231164	0.0
3.32883251953125	7.4564345E-4	0.0
3.18257568359375	5.8142503E-4	0.0
3.036319091796875	0.001420096	0.0
2.8900625	0.0030245364	0.0
2.7438056640625	-5.5655045E-4	0.0
2.597549072265625	-0.002366596	0.0
2.45129248046875	-1.8881698E-4	0.0
2.305035888671875	0.0021363562	0.0
2.158779052734375	5.2855656E-5	0.0
2.0125224609375	-5.0201116E-4	0.0
1.8662657470703126	-5.44623E-5	0.0
1.7200091552734376	8.2756556E-4	0.0
1.57375244140625	0.00214102	0.0
1.4274957275390625	0.0012285125	0.0
1.2812391357421875	0.0010070921	0.0
1.134982421875	0.002076497	0.0
0.9887257690429687	0.0025217042	0.0
0.8424691162109375	4.2674437E-4	0.0
