11.8272890625	-0.012572685	0.0
11.6749375	-0.0023718402	0.0
11.5225859375	-0.015140568	0.0
11.370234375	-0.016505485	0.0
11.2178828125	-0.0039278683	0.0
11.06553125	-0.005188595	0.0
10.9131796875	0.009279323	0.0
10.760828125	0.0047081993	0.0
10.6084755859375	-0.0076245856	0.0
10.4561240234375	-0.0022393407	0.0
10.3037724609375	0.016471354	0.0
10.1514208984375	3.58728E-4	0.0
9.9990693359375	-0.0065406905	0.0
9.8467177734375	0.0029785102	0.0
9.6943662109375	-0.0066532325	0.0
9.5420146484375	0.0011839531	0.0
9.3896630859375	0.011628133	0.0
9.237310546875	-0.007518688	0.0
9.084958984375	-0.0077963383	0.0
8.932607421875	0.011525774	0.0
8.780255859375	-0.00806259	0.0
8.627904296875	-0.011774092	0.0
8.475552734375	-0.0010600879	0.0
8.323201171875	0.0086032525	0.0
8.17084912109375	-0.013419278	0.0
8.01849755859375	0.0020828387	0.0
7.86614599609375	0.0028440198	0.0
7.7137939453125	-0.007615409	0.0
7.5614423828125	0.005455287	0.0
7.4090908203125	0.015696907	0.0
7.2567392578125	0.028908625	0.0
7.10438720703125	0.016806735	0.0
6.95203564453125	0.0073187267	0.0
6.79968408203125	-0.0024244331	0.0
6.64733251953125	0.009271568	0.0
6.49498095703125	-0.0027901873	0.0
6.34262890625	-0.017912518	0.0
6.19027734375	-0.0053741876	2.8751364880008623E-5
6.03792578125	0.0073274737	7.933055167086422E-4
5.88557421875	0.004358798	0.004376933444291353
5.73322216796875	0.014232378	0.004833359271287918
5.58087060546875	-0.009643267	0.0010684439912438393
5.42851904296875	-0.0077464757	4.722885933006182E-5
5.27616748046875	-0.010662205	0.0
5.1238154296875	0.0013331871	0.0
4.9714638671875	0.018925216	0.0
4.8191123046875	-1.8232001E-4	0.0
4.6667607421875	-0.011153583	0.0
4.51440869140625	0.0023795625	0.0
4.36205712890625	-0.011675027	0.0
4.20970556640625	-0.006571053	0.0
4.057353759765625	0.020798806	0.0
3.905002197265625	0.0068991347	0.0
3.752650390625	-0.0012797285	0.0
3.600298828125	-0.0071496638	0.0
3.447947021484375	0.002066339	0.0
3.295595458984375	0.0035981361	0.0
3.14324365234375	-0.004211854	0.0
2.99089208984375	0.017302899	0.0
2.83854052734375	0.0072371904	0.0
2.686188720703125	-0.011099124	0.0
2.533837158203125	-0.015814101	0.0
2.3814853515625	-0.012556444	0.0
2.2291337890625	-0.0011379274	0.0
2.076781982421875	0.022261387	0.0
1.9244302978515626	0.026009317	0.0
1.77207861328125	-0.003977542	0.0
1.6197269287109375	-0.015065317	0.0
1.467375244140625	0.0028717704	0.0
1.3150235595703126	0.014554055	0.0
1.162671875	-0.001343131	0.0
1.0103202514648437	-0.0032195766	0.0
0.8579685668945313	0.021577818	0.0
0.7056168823242187	0.013370402	0.0
0.5532651977539063	-0.0032325566	0.0
0.4009135437011719	-3.8540844E-4	0.0
0.24856185913085938	-0.019522399	0.0
0.09621017456054687	-0.010851225	0.0
-0.05614150619506836	0.012931289	0.0
-0.20849317932128905	0.0016698184	0.0
