10.8450791015625	0.0011919403	0.0
10.6988193359375	0.0025937972	0.0
10.5525595703125	-0.0011108043	0.0
10.4062998046875	0.0021097295	0.0
10.260041015625	0.0049698805	0.0
10.11378125	0.005552919	0.0
9.967521484375	0.003760354	0.0
9.82126171875	0.0015789032	0.0
9.6750029296875	0.0016966535	0.0
9.5287431640625	-3.855462E-4	0.0
9.3824833984375	-7.7603466E-4	0.0
9.236224609375	-0.003198891	0.0
9.08996484375	-0.0035522047	0.0
8.943705078125	-0.0023101475	0.0
8.7974453125	-0.00824012	0.0
8.6511865234375	-0.009172019	0.0
8.5049267578125	-0.0048596426	0.0
8.3586669921875	-1.3537402E-4	0.0
8.212408203125	-0.0013272853	0.0
8.0661484375	-0.0032593794	0.0
7.919888671875	-0.0016013646	0.0
7.77362939453125	0.0011948919	0.0
7.62736962890625	0.0013542153	0.0
7.4811103515625	0.003342313	0.0
7.3348505859375	0.001995159	0.0
7.18859130859375	-0.0016565248	0.0
7.04233203125	-0.0044173053	0.0
6.896072265625	-0.0032988382	0.0
6.74981298828125	-9.2705165E-4	0.0
6.60355322265625	7.918129E-4	0.0
6.4572939453125	-5.1800493E-4	0.0
6.3110341796875	3.416674E-4	0.0
6.16477490234375	5.747671E-4	3.668983481475152E-5
6.018515625	8.3357684E-4	7.060395437292755E-4
5.872255859375	-2.9421286E-4	0.0030826746951788664
5.72599658203125	-0.002037767	0.0030554854311048985
5.57973681640625	-8.6477504E-4	6.875161780044436E-4
5.4334775390625	-0.0026047197	3.509946691337973E-5
5.2872177734375	-0.006407294	0.0
5.14095849609375	-0.0045075174	0.0
4.99469873046875	-0.0012534157	0.0
4.848439453125	2.5425327E-4	0.0
4.70218017578125	3.8816762E-4	0.0
4.55592041015625	-0.0033802367	0.0
4.4096611328125	-0.002407334	0.0
4.2634013671875	0.0021533014	0.0
4.11714208984375	6.0060644E-5	0.0
3.970882568359375	0.0012423297	0.0
3.824623046875	-8.435084E-4	0.0
3.678363525390625	0.001461458	0.0
3.53210400390625	0.00584718	0.0
3.385844482421875	0.0066876626	0.0
3.2395849609375	0.0047562066	0.0
3.093325439453125	0.0014488337	0.0
2.947066162109375	-7.6389656E-4	0.0
2.800806640625	2.4630423E-4	0.0
2.654547119140625	-5.8258296E-4	0.0
2.50828759765625	-0.0027802086	0.0
2.362028076171875	-2.8680876E-4	0.0
2.2157685546875	-0.0044055358	0.0
2.069509033203125	-0.0039437455	0.0
1.9232496337890626	-0.0019643416	0.0
1.7769901123046874	-0.00141939	0.0
1.6307305908203125	-9.221378E-4	0.0
1.48447119140625	-2.4212416E-6	0.0
1.338211669921875	0.0018449181	0.0
1.1919521484375	0.0023465445	0.0
1.045692626953125	-7.695241E-4	0.0
0.8994331665039063	-0.0013571552	0.0
0.7531737060546875	0.00211597	0.0
