11.7755166015625	-0.007450742	0.0
11.6231552734375	0.007854024	0.0
11.4707939453125	0.007976486	0.0
11.3184326171875	0.0019404051	0.0
11.1660712890625	-0.0065639624	0.0
11.0137099609375	0.004431037	0.0
10.8613486328125	0.006527043	0.0
10.708986328125	-0.0116785215	0.0
10.556625	-0.0103009725	0.0
10.404263671875	-0.012358253	0.0
10.25190234375	-0.004093025	0.0
10.099541015625	0.0071159005	0.0
9.9471796875	-1.4136234E-4	0.0
9.794818359375	-0.008791773	0.0
9.64245703125	-8.081445E-4	0.0
9.490095703125	0.028727604	0.0
9.337734375	0.0070827864	0.0
9.185373046875	0.001492171	0.0
9.03301171875	7.189584E-4	0.0
8.880650390625	-0.011388214	0.0
8.7282890625	-0.0022338904	0.0
8.575927734375	-0.0028634986	0.0
8.42356640625	0.010008252	0.0
8.271205078125	-0.00725252	0.0
8.11884326171875	-0.007805667	0.0
7.96648193359375	0.003807826	0.0
7.81412060546875	0.0019120268	0.0
7.66175927734375	0.0020163716	0.0
7.50939794921875	-2.2131157E-4	0.0
7.3570361328125	0.0041745473	0.0
7.2046748046875	-0.015281087	0.0
7.0523134765625	-0.0057941745	0.0
6.8999521484375	-0.011989427	0.0
6.7475908203125	-0.0025133623	0.0
6.5952294921875	0.0046031354	0.0
6.4428681640625	0.0013089015	0.0
6.2905068359375	0.016996453	1.3437575034913607E-6
6.13814501953125	-0.009613353	1.0690838826121762E-4
5.98578369140625	-0.0020302774	0.001700797351077199
5.83342236328125	-9.0153224E-4	0.005410047248005867
5.68106103515625	0.008868173	0.003444946138188243
5.52869970703125	0.0110888835	4.388177767395973E-4
5.37633837890625	0.0053650895	1.11753879536991E-5
5.22397705078125	-0.01577349	0.0
5.07161572265625	-0.008746302	0.0
4.91925439453125	-0.0025089504	0.0
4.766892578125	0.013870782	0.0
4.61453125	-0.018895471	0.0
4.462169921875	-0.008107672	0.0
4.30980859375	-0.014797763	0.0
4.157447265625	9.195495E-4	0.0
4.0050859375	-0.015912136	0.0
3.852724365234375	7.722974E-4	0.0
3.700363037109375	0.0020389946	0.0
3.548001708984375	-0.0032270406	0.0
3.395640380859375	0.009616668	0.0
3.243279052734375	0.0064274026	0.0
3.09091748046875	7.7718345E-4	0.0
2.93855615234375	0.0014916217	0.0
2.78619482421875	-0.03619009	0.0
2.63383349609375	-0.011261007	0.0
2.481471923828125	0.0073693953	0.0
2.329110595703125	0.008886831	0.0
2.176749267578125	-0.016306976	0.0
2.0243878173828125	-0.013611057	0.0
1.8720264892578125	-0.015831178	0.0
1.7196650390625	0.0060226214	0.0
1.5673037109375	0.013031796	0.0
1.4149423828125	0.0057269526	0.0
1.2625809326171875	0.008169669	0.0
1.1102196044921875	1.9924808E-4	0.0
0.957858154296875	0.0065740654	0.0
0.8054967651367188	-0.009194592	0.0
0.6531353759765625	-0.021127297	0.0
0.5007740173339844	5.0408544E-4	0.0
0.3484126281738281	0.008140106	0.0
0.19605123901367189	-0.021488627	0.0
0.043689857482910155	-0.02636446	0.0
-0.10867152404785156	-0.003397001	0.0
-0.26103289794921875	-0.010436995	0.0
