10.760828125	0.0027066157	0.0
10.6084755859375	-0.009695966	0.0
10.4561240234375	-0.0043145795	0.0
10.3037724609375	0.014519847	0.0
10.1514208984375	-0.0012062546	0.0
9.9990693359375	-0.0075119766	0.0
9.8467177734375	0.0021262933	0.0
9.6943662109375	-0.00795089	0.0
9.5420146484375	-6.6933065E-4	0.0
9.3896630859375	0.009718627	0.0
9.237310546875	-0.009077777	0.0
9.084958984375	-0.009079043	0.0
8.932607421875	0.010470054	0.0
8.780255859375	-0.008550649	0.0
8.627904296875	-0.0117134405	0.0
8.475552734375	1.7128629E-4	0.0
8.323201171875	0.0103626335	0.0
8.17084912109375	-0.011586481	0.0
8.01849755859375	0.0039079557	0.0
7.86614599609375	0.005248601	0.0
7.7137939453125	-0.0047025457	0.0
7.5614423828125	0.008831417	0.0
7.4090908203125	0.018844591	0.0
7.2567392578125	0.032093912	0.0
7.10438720703125	0.01974525	0.0
6.95203564453125	0.010055124	0.0
6.79968408203125	7.8598456E-4	0.0
6.64733251953125	0.012705532	0.0
6.49498095703125	9.579202E-4	0.0
6.34262890625	-0.013946902	0.0
6.19027734375	-0.001222242	1.8502310922485776E-5
6.03792578125	0.011547965	5.105410818941891E-4
5.88557421875	0.008621617	0.0028175171464681625
5.73322216796875	0.017768633	0.003111424157395959
5.58087060546875	-0.0068418817	6.876226398162544E-4
5.42851904296875	-0.00580716	3.039313742192462E-5
5.27616748046875	-0.009604372	0.0
5.1238154296875	0.0015824311	0.0
4.9714638671875	0.018547643	0.0
4.8191123046875	-0.0011733731	0.0
4.6667607421875	-0.01257249	0.0
4.51440869140625	4.87624E-4	0.0
4.36205712890625	-0.01388317	0.0
4.20970556640625	-0.009287306	0.0
4.057353759765625	0.017703386	0.0
3.905002197265625	0.003472169	0.0
3.752650390625	-0.0050458563	0.0
3.600298828125	-0.011266449	0.0
3.447947021484375	-0.0021928744	0.0
3.295595458984375	-3.9903342E-4	0.0
3.14324365234375	-0.007951248	0.0
2.99089208984375	0.014496649	0.0
2.83854052734375	0.0049844813	0.0
2.686188720703125	-0.012594501	0.0
2.533837158203125	-0.016948413	0.0
2.3814853515625	-0.0126889	0.0
2.2291337890625	-4.3348176E-4	0.0
2.076781982421875	0.023690756	0.0
1.9244302978515626	0.027493129	0.0
1.77207861328125	-0.0024106207	0.0
1.6197269287109375	-0.013088172	0.0
1.467375244140625	0.0053329817	0.0
1.3150235595703126	0.016797349	0.0
1.162671875	8.487158E-4	0.0
1.0103202514648437	-7.736745E-4	0.0
0.8579685668945313	0.024078792	0.0
