11.7964833984375	0.009973924	0.0
11.655029296875	-0.0019713896	0.0
11.513576171875	-0.0059267837	0.0
11.3721220703125	-0.0021889636	0.0
11.23066796875	0.0016156951	0.0
11.08921484375	-0.0045373356	0.0
10.9477607421875	-0.0048220344	0.0
10.8063076171875	-8.971385E-4	0.0
10.664853515625	-4.883318E-4	0.0
10.523400390625	0.0025504995	0.0
10.3819462890625	0.0063622543	0.0
10.2404931640625	0.0018451315	0.0
10.0990390625	0.0032856134	0.0
9.9575859375	8.864587E-4	0.0
9.8161318359375	0.0026316731	0.0
9.6746787109375	0.003888735	0.0
9.533224609375	-1.2840838E-4	0.0
9.391771484375	-0.005514465	0.0
9.2503173828125	-0.0015965216	0.0
9.1088642578125	-0.0026722779	0.0
8.96741015625	-4.6062883E-4	0.0
8.82595703125	9.4003684E-5	0.0
8.6845029296875	-0.005376559	0.0
8.5430498046875	-0.0030020971	0.0
8.401595703125	0.0070507783	0.0
8.260142578125	0.0042829555	0.0
8.1186884765625	-8.0675445E-4	0.0
7.97723486328125	0.0029342913	0.0
7.83578125	0.007230256	0.0
7.69432763671875	0.003249811	0.0
7.5528740234375	-0.004051835	0.0
7.41142041015625	0.003326469	0.0
7.269966796875	0.006030607	0.0
7.12851318359375	4.993699E-4	0.0
6.9870595703125	-0.0051466213	0.0
6.84560595703125	-0.0010515297	0.0
6.70415234375	0.0019241548	0.0
6.5626982421875	-0.0027195844	0.0
6.42124462890625	-0.007318096	0.0
6.279791015625	-0.004990259	1.807588432711782E-6
6.13833740234375	-0.0066714305	9.984110511140898E-5
5.9968837890625	-0.003134842	0.0013771543744951487
5.85543017578125	0.006585813	0.004743038676679134
5.7139765625	8.758864E-4	0.004082759376615286
5.57252294921875	0.0017375809	8.78151913639158E-4
5.4310693359375	0.0060885935	4.7159308451227844E-5
5.28961572265625	0.009939053	0.0
5.148162109375	0.010537552	0.0
5.00670849609375	-2.0388371E-4	0.0
4.8652548828125	0.0039091986	0.0
4.72380126953125	0.004257009	0.0
4.58234765625	-0.002800328	0.0
4.44089404296875	-0.002448038	0.0
4.2994404296875	0.0030654233	0.0
4.15798681640625	-6.760524E-4	0.0
4.016532958984375	-5.0470984E-4	0.0
3.875079345703125	-0.0026168004	0.0
3.733625732421875	-0.001822625	0.0
3.592172119140625	-0.004710936	0.0
3.450718505859375	-0.0061293417	0.0
3.309264892578125	-0.0029650764	0.0
3.167811279296875	-1.2066733E-4	0.0
3.026357666015625	7.417081E-4	0.0
2.884904052734375	0.004590197	0.0
2.743450439453125	-9.136599E-4	0.0
2.601996826171875	7.6167E-4	0.0
2.46054296875	0.008349126	0.0
2.31908935546875	0.0035091008	0.0
2.1776357421875	0.0020826315	0.0
2.03618212890625	2.9688393E-4	0.0
1.894728515625	0.0012899972	0.0
1.75327490234375	-8.284008E-4	0.0
1.6118212890625	-0.0034824729	0.0
1.47036767578125	-0.005036598	0.0
1.3289140625	-0.0042422432	0.0
1.1874603271484374	-0.0032065902	0.0
1.0460067138671876	-0.005971008	0.0
0.9045531005859375	-2.138109E-4	0.0
0.7630994873046875	-5.984985E-6	0.0
0.6216458129882813	0.001860291	0.0
0.48019219970703125	0.001394394	0.0
0.3387385559082031	0.0027395822	0.0
0.19728492736816405	0.0112153245	0.0
0.055831295013427734	0.0065606902	0.0
-0.0856223373413086	0.0015936546	0.0
-0.22707597351074219	-0.004802825	0.0
