10.8613486328125	0.008552092	0.0
10.708986328125	-0.010876666	0.0
10.556625	-0.010570042	0.0
10.404263671875	-0.013726506	0.0
10.25190234375	-0.005993399	0.0
10.099541015625	0.0050378963	0.0
9.9471796875	-0.0023302543	0.0
9.794818359375	-0.0108436	0.0
9.64245703125	-0.0019934417	0.0
9.490095703125	0.028119098	0.0
9.337734375	0.0066939723	0.0
9.185373046875	0.0014057896	0.0
9.03301171875	4.5588007E-4	0.0
8.880650390625	-0.01178809	0.0
8.7282890625	-0.0028714922	0.0
8.575927734375	-0.0035254613	0.0
8.42356640625	0.009208793	0.0
8.271205078125	-0.007955263	0.0
8.11884326171875	-0.008610839	0.0
7.96648193359375	0.003144283	0.0
7.81412060546875	0.0011966262	0.0
7.66175927734375	0.0015238883	0.0
7.50939794921875	-4.984519E-4	0.0
7.3570361328125	0.004014227	0.0
7.2046748046875	-0.015361238	0.0
7.0523134765625	-0.005531448	0.0
6.8999521484375	-0.011255922	0.0
6.7475908203125	-0.0011031487	0.0
6.5952294921875	0.0061275335	0.0
6.4428681640625	0.0025217696	0.0
6.2905068359375	0.017980874	8.649182063891203E-7
6.13814501953125	-0.008901106	6.881277658976614E-5
5.98578369140625	-0.0016850082	0.0010948562994599342
5.83342236328125	-9.578116E-4	0.0034834991674870253
5.68106103515625	0.008444353	0.0022178837098181248
5.52869970703125	0.010412256	2.8245634166523814E-4
5.37633837890625	0.0048779217	7.193115834525088E-6
5.22397705078125	-0.016015003	0.0
5.07161572265625	-0.008911081	0.0
4.91925439453125	-0.0025849682	0.0
4.766892578125	0.013805423	0.0
4.61453125	-0.01902584	0.0
4.462169921875	-0.008229152	0.0
4.30980859375	-0.0149104465	0.0
4.157447265625	6.6796585E-4	0.0
4.0050859375	-0.016191455	0.0
3.852724365234375	3.459021E-4	0.0
3.700363037109375	0.0019213245	0.0
3.548001708984375	-0.0030033325	0.0
3.395640380859375	0.010157199	0.0
3.243279052734375	0.0073129935	0.0
3.09091748046875	0.002513329	0.0
2.93855615234375	0.0037596554	0.0
2.78619482421875	-0.033409353	0.0
2.63383349609375	-0.008203723	0.0
2.481471923828125	0.0104919085	0.0
2.329110595703125	0.012254958	0.0
2.176749267578125	-0.012991543	0.0
2.0243878173828125	-0.0113093825	0.0
1.8720264892578125	-0.014658393	0.0
1.7196650390625	0.005647439	0.0
1.5673037109375	0.011636877	0.0
1.4149423828125	0.0036625296	0.0
1.2625809326171875	0.0049282312	0.0
1.1102196044921875	-0.0041335057	0.0
0.957858154296875	0.002274165	0.0
0.8054967651367188	-0.013099607	0.0
