10.8299580078125	-0.0047301087	0.0
10.6511943359375	-0.0026811697	0.0
10.4724306640625	0.0018740017	0.0
10.2936669921875	-0.0017276758	0.0
10.1149033203125	3.7973706E-4	0.0
9.936138671875	0.0038722623	0.0
9.757375	0.003621499	0.0
9.578611328125	6.6790887E-4	0.0
9.39984765625	-4.3457308E-6	0.0
9.2210830078125	-0.006232465	0.0
9.0423193359375	-0.0016917397	0.0
8.8635556640625	0.0053047077	0.0
8.6847919921875	0.0022543462	0.0
8.5060283203125	7.991872E-4	0.0
8.327263671875	0.0024460421	0.0
8.1485	0.0012985872	0.0
7.969736328125	-6.8070396E-4	0.0
7.79097216796875	-0.0044170124	0.0
7.61220849609375	-0.0036792292	0.0
7.4334443359375	-0.0015822232	0.0
7.2546806640625	-1.01237885E-4	0.0
7.07591650390625	0.0015094609	0.0
6.89715283203125	5.2460504E-4	0.0
6.71838916015625	0.0015962067	0.0
6.539625	-1.500389E-4	0.0
6.360861328125	0.001858081	0.0018918078858405352
6.18209716796875	0.06496072	0.06043388694524765
6.00333349609375	0.4461451	0.4506259858608246
5.8245693359375	0.83347535	0.8350614309310913
5.6458056640625	0.4759302	0.47770512104034424
5.46704150390625	0.114059694	0.06871876865625381
5.28827783203125	0.0125935795	0.0022997797932475805
5.10951416015625	3.1392142E-4	0.0
4.93075	-0.0024176817	0.0
4.751986328125	-3.7552314E-4	0.0
4.57322216796875	0.0017140419	0.0
4.39445849609375	0.0029820628	0.0
4.2156943359375	-3.970666E-4	0.0
4.0369306640625	-0.0047907503	0.0
3.858166748046875	-0.0024002977	0.0
3.67940283203125	9.750374E-4	0.0
3.500638916015625	-0.001298491	0.0
3.321875	0.0015513593	0.0
3.143111083984375	0.0032382936	0.0
2.96434716796875	0.0062721367	0.0
2.785583251953125	0.0046255826	0.0
2.606819580078125	0.0021086955	0.0
2.4280556640625	-4.7537437E-4	0.0
2.249291748046875	2.0132947E-4	0.0
2.07052783203125	0.005657547	0.0
1.891763916015625	0.009213844	0.0
1.713	0.0056960676	0.0
1.534236083984375	0.0038969927	0.0
1.3554722900390626	-4.841836E-4	0.0
1.1767083740234374	-0.0030631772	0.0
0.9979444580078125	-0.0015677286	0.0
0.8191805419921875	0.0025353841	0.0
