#xValues(km/s)	yValues(K)	simulate(Show Plot)	simulate(All Species)
10.86658984375	-0.001979338	0.0	0.0
10.6800771484375	9.923035E-4	0.0	0.0
10.4935634765625	-0.001146189	0.0	0.0
10.30705078125	-0.003244011	0.0	0.0
10.120537109375	-0.0039653922	0.0	0.0
9.9340244140625	0.0019181339	0.0	0.0
9.7475107421875	0.006431879	0.0	0.0
9.560998046875	0.0032929636	0.0	0.0
9.374484375	7.0833194E-4	0.0	0.0
9.1879716796875	6.919753E-6	0.0	0.0
9.0014580078125	9.37631E-4	0.0	0.0
8.8149453125	0.0015909568	0.0	0.0
8.628431640625	0.0063643595	0.0	0.0
8.4419189453125	3.0807787E-4	0.0	0.0
8.2554052734375	0.003378193	0.0	0.0
8.06889208984375	0.0033352128	0.0	0.0
7.88237890625	-0.0012798115	0.0	0.0
7.69586572265625	-3.736333E-4	0.0	0.0
7.5093525390625	-0.0014425169	0.0	0.0
7.32283935546875	-9.020543E-4	0.0	0.0
7.136326171875	0.0034106714	0.0	0.0
6.94981298828125	0.0045969454	0.0	0.0
6.7632998046875	0.0012015961	0.0	0.0
6.57678662109375	-0.0023440295	0.0	0.0
6.3902734375	-0.0024120298	0.0	0.0
6.20376025390625	-0.0015081225	4.3155174353159964E-5	0.0
6.0172470703125	-3.3199173E-4	0.00239143380895257	0.0
5.83073388671875	6.856865E-4	0.011875234544277191	0.0
5.644220703125	-7.964904E-4	0.005293508991599083	0.0
5.45770703125	0.001238941	2.115398965543136E-4	0.0
5.27119384765625	0.004430852	0.0	0.0
5.0846806640625	0.0035600562	0.0	0.0
4.89816748046875	7.541992E-4	0.0	0.0
4.711654296875	-0.0032621752	0.0	0.0
4.52514111328125	-6.9054513E-4	0.0	0.0
4.3386279296875	0.0029479223	0.0	0.0
4.15211474609375	-4.943446E-4	0.0	0.0
3.9656015625	-0.004655477	0.0	0.0
3.77908837890625	0.00235185	0.0	0.0
3.5925751953125	0.0014599868	0.0	0.0
3.40606201171875	-0.0034556815	0.0	0.0
3.219548828125	-0.0010247821	0.0	0.0
3.03303564453125	0.003249307	0.0	0.0
2.8465224609375	0.0045592873	0.0	0.0
2.66000927734375	0.0012575998	0.0	0.0
2.473495849609375	-0.005941533	0.0	0.0
2.286982666015625	-0.006055948	0.0	0.0
2.100469482421875	7.503286E-4	0.0	0.0
1.913956298828125	-0.0016124558	0.0	0.0
1.727443115234375	-0.004459894	0.0	0.0
1.540929931640625	-1.6630864E-4	0.0	0.0
1.354416748046875	0.0013952369	0.0	0.0
1.167903564453125	-0.0023495315	0.0	0.0
0.9813903198242188	-0.0025987145	0.0	0.0
0.7948770751953125	0.0011093077	0.0	0.0
