#xValues(km/s)	yValues(K)	simulate(Show Plot)	simulate(All Species)
10.7967587890625	0.004575484	0.0	0.0
10.6234423828125	0.0030922925	0.0	0.0
10.450125	-7.5297046E-4	0.0	0.0
10.27680859375	-0.0010632292	0.0	0.0
10.1034912109375	0.0024043205	0.0	0.0
9.930173828125	0.0027184307	0.0	0.0
9.756857421875	-2.431502E-5	0.0	0.0
9.5835400390625	-7.6857745E-4	0.0	0.0
9.41022265625	-0.0022643092	0.0	0.0
9.23690625	-0.0020813535	0.0	0.0
9.0635888671875	2.8130398E-4	0.0	0.0
8.890271484375	0.0015453678	0.0	0.0
8.716955078125	-0.0030082741	0.0	0.0
8.5436376953125	-0.0060617314	0.0	0.0
8.3703203125	-0.0012686832	0.0	0.0
8.19700390625	0.0038998474	0.0	0.0
8.0236865234375	0.002855904	0.0	0.0
7.85036962890625	0.0024508215	0.0	0.0
7.67705224609375	-0.0023033815	0.0	0.0
7.5037353515625	0.0014168812	0.0	0.0
7.33041845703125	0.004717613	0.0	0.0
7.15710107421875	-0.0018199184	0.0	0.0
6.9837841796875	-0.004355882	0.0	0.0
6.81046728515625	-7.5663097E-4	0.0	0.0
6.63714990234375	0.006560368	0.0	0.0
6.4638330078125	0.007504643	0.0	0.0
6.29051611328125	0.002901768	2.166750391552341E-6	0.0
6.11719921875	0.0043429434	2.775154425762594E-4	0.0
5.9438818359375	0.0028631322	0.004427940119057894	0.0
5.77056494140625	0.005499532	0.008803840726613998	0.0
5.597248046875	0.0048222565	0.002183064818382263	0.0
5.4239306640625	0.0047964384	6.743278208887205E-5	0.0
5.25061376953125	0.0066010966	0.0	0.0
5.077296875	0.005148935	0.0	0.0
4.9039794921875	0.0048864186	0.0	0.0
4.73066259765625	0.0013967775	0.0	0.0
4.557345703125	0.0012769735	0.0	0.0
4.3840283203125	0.00248507	0.0	0.0
4.21071142578125	-0.0026106215	0.0	0.0
4.03739453125	0.0025823268	0.0	0.0
3.864077392578125	7.1549363E-4	0.0	0.0
3.69076025390625	-0.0018380933	0.0	0.0
3.517443359375	-0.005280198	0.0	0.0
3.344126220703125	-0.0050985436	0.0	0.0
3.17080908203125	0.001636154	0.0	0.0
2.9974921875	0.006022603	0.0	0.0
2.824175048828125	0.0058375755	0.0	0.0
2.650858154296875	0.0029616144	0.0	0.0
2.477541015625	7.712239E-4	0.0	0.0
2.304223876953125	0.0022967223	0.0	0.0
2.130906982421875	-0.0025699437	0.0	0.0
1.95758984375	6.5079116E-4	0.0	0.0
1.7842728271484376	0.0020345855	0.0	0.0
1.6109556884765626	-0.0036604311	0.0	0.0
1.437638671875	-0.0044836407	0.0	0.0
1.2643216552734375	-0.004399345	0.0	0.0
1.091004638671875	-1.9579232E-4	0.0	0.0
0.9176875610351563	0.0014606114	0.0	0.0
0.7443704833984375	0.0018688857	0.0	0.0
