#xValues(km/s)	yValues(K)	simulate(Show Plot)	simulate(All Species)
10.7653642578125	8.5508084E-4	0.0	0.0
10.619705078125	7.1034866E-4	0.0	0.0
10.474044921875	0.003147195	0.0	0.0
10.328384765625	0.004469929	0.0	0.0
10.1827255859375	0.0070232106	0.0	0.0
10.0370654296875	0.0024802466	0.0	0.0
9.89140625	-0.0053791353	0.0	0.0
9.74574609375	-0.003616205	0.0	0.0
9.6000859375	0.0027766484	0.0	0.0
9.4544267578125	0.0017477203	0.0	0.0
9.3087666015625	-0.0016845233	0.0	0.0
9.163107421875	-0.00687769	0.0	0.0
9.017447265625	-0.008073303	0.0	0.0
8.871787109375	-0.0037209361	0.0	0.0
8.7261279296875	-0.004418197	0.0	0.0
8.5804677734375	1.5275874E-4	0.0	0.0
8.43480859375	0.00631487	0.0	0.0
8.2891484375	0.006996708	0.0	0.0
8.14348876953125	0.0040508322	0.0	0.0
7.9978291015625	0.0020593512	0.0	0.0
7.85216943359375	0.0052267592	0.0	0.0
7.70650927734375	2.1691939E-4	0.0	0.0
7.560849609375	-0.002719975	0.0	0.0
7.41518994140625	4.825275E-4	0.0	0.0
7.2695302734375	-6.3134625E-4	0.0	0.0
7.12387060546875	-0.0024347196	0.0	0.0
6.9782109375	-0.0031329484	0.0	0.0
6.83255078125	-7.01876E-4	0.0	0.0
6.68689111328125	0.0024071701	0.0	0.0
6.5412314453125	-0.0070373025	0.0	0.0
6.39557177734375	-4.6271895E-4	0.0	0.0
6.249912109375	0.0030356823	8.12851340015186E-6	0.0
6.104251953125	0.0026165692	3.662274975795299E-4	0.0
5.95859228515625	0.0054557724	0.003789467504248023	0.0
5.8129326171875	-1.47958E-4	0.009005933068692684	0.0
5.66727294921875	-7.5748924E-4	0.004920122213661671	0.0
5.52161328125	-7.824753E-4	6.174671580083668E-4	0.0
5.375953125	2.8103797E-4	1.7795544408727437E-5	0.0
5.23029345703125	0.0011701391	0.0	0.0
5.0846337890625	0.0013853578	0.0	0.0
4.93897412109375	6.433775E-4	0.0	0.0
4.793314453125	0.003246788	0.0	0.0
4.64765478515625	0.0026672608	0.0	0.0
4.50199462890625	0.00256181	0.0	0.0
4.3563349609375	7.415429E-4	0.0	0.0
4.21067529296875	-9.501886E-4	0.0	0.0
4.065015380859375	-0.0011661978	0.0	0.0
3.919355712890625	0.0014316689	0.0	0.0
3.773696044921875	-2.6211577E-5	0.0	0.0
3.6280361328125	-0.001818086	0.0	0.0
3.48237646484375	-0.0038648047	0.0	0.0
3.336716796875	-1.5672277E-4	0.0	0.0
3.191056884765625	-2.5972765E-4	0.0	0.0
3.045397216796875	0.0013896774	0.0	0.0
2.8997373046875	-0.0011466672	0.0	0.0
2.75407763671875	-0.004204001	0.0	0.0
2.60841796875	-2.0272721E-4	0.0	0.0
2.462758056640625	4.4290373E-5	0.0	0.0
2.317098388671875	6.455736E-4	0.0	0.0
2.171438720703125	0.0026612217	0.0	0.0
2.02577880859375	0.0032894826	0.0	0.0
1.880119140625	-0.0030431359	0.0	0.0
1.7344593505859376	7.281177E-5	0.0	0.0
1.588799560546875	-6.450081E-4	0.0	0.0
1.4431397705078124	0.0038156603	0.0	0.0
1.2974801025390625	0.0014173423	0.0	0.0
1.1518203125	-9.5407135E-4	0.0	0.0
1.0061605224609376	-0.0029295825	0.0	0.0
0.8605007934570312	-0.0010477772	0.0	0.0
