13.263189453125	-0.0024171416	0.0
13.0900087890625	0.0012980772	0.0
12.9168271484375	0.0028553468	0.0
12.743646484375	-0.0021524306	0.0
12.5704658203125	-0.00352843	0.0
12.39728515625	8.603955E-4	0.0
12.2241044921875	0.0018277692	0.0
12.050923828125	5.40734E-4	0.0
11.8777421875	-0.001060641	0.0
11.7045615234375	0.0029853503	0.0
11.531380859375	0.004576952	0.0
11.3582001953125	0.0040383656	0.0
11.18501953125	0.0025761775	0.0
11.0118388671875	-0.002806165	0.0
10.8386572265625	2.5060432E-4	0.0
10.6654765625	-2.1419815E-4	0.0
10.4922958984375	-7.463668E-4	0.0
10.319115234375	0.0030977752	0.0
10.1459345703125	0.0024012614	0.0
9.97275390625	-1.6929049E-7	0.0
9.799572265625	-0.0013226073	0.0
9.6263916015625	-0.0014137551	0.0
9.4532109375	1.4078976E-5	0.0
9.2800302734375	-0.0020131383	0.0
9.106849609375	-0.005607297	0.0
8.9336689453125	-0.002352087	0.0
8.7604873046875	0.0021262942	0.0
8.587306640625	0.005510683	0.0
8.4141259765625	0.0059849136	0.0
8.2409453125	0.0025879035	0.0
8.06776416015625	-6.300947E-4	0.0
7.89458349609375	-0.0011455889	0.0
7.72140283203125	0.0021869538	0.0
7.5482216796875	5.729996E-4	0.0
7.375041015625	-0.005778274	0.0
7.2018603515625	-0.0030718043	0.0
7.02867919921875	5.130708E-4	0.0
6.85549853515625	-0.0021599112	0.0
6.68231787109375	-0.003791955	0.0
6.50913671875	-0.0024841686	0.0
6.3359560546875	6.448907E-4	0.0
6.162775390625	-6.1352644E-4	5.403599971032236E-6
5.98959423828125	0.0033777198	1.488497364334762E-4
5.81641357421875	0.0073708603	5.125333555042744E-4
5.64323291015625	0.0048222174	2.2074644220992923E-4
5.4700517578125	0.0016661306	1.1885557796631474E-5
5.29687109375	0.0010953187	0.0
5.1236904296875	0.0022081758	0.0
4.95050927734375	0.0017719513	0.0
4.77732861328125	-0.003924045	0.0
4.60414794921875	-0.004879314	0.0
4.430966796875	-0.0020320343	0.0
4.2577861328125	0.0012131328	0.0
4.08460546875	-0.0025750673	0.0
3.911424560546875	-0.004024673	0.0
3.73824365234375	2.2315854E-4	0.0
3.56506298828125	-0.0012364953	0.0
3.391882080078125	6.1499287E-4	0.0
3.218701171875	0.005828891	0.0
3.0455205078125	0.0028991208	0.0
2.872339599609375	4.496804E-4	0.0
2.69915869140625	2.5165852E-4	0.0
2.52597802734375	-0.0014993375	0.0
2.352797119140625	-0.0014543921	0.0
2.1796162109375	0.0017233503	0.0
2.0064354248046876	0.006352219	0.0
1.833254638671875	0.0020043165	0.0
1.6600738525390626	-6.179268E-4	0.0
1.4868929443359375	8.5918227E-4	0.0
1.313712158203125	4.705947E-4	0.0
1.1405313720703125	-0.0035361615	0.0
0.9673505249023437	-0.005656987	0.0
0.794169677734375	-0.0065468266	0.0
0.6209888305664063	-0.004644311	0.0
0.44780804443359373	2.9453632E-4	0.0
0.274627197265625	0.0017432519	0.0
0.10144638061523438	8.7622786E-4	0.0
-0.07173444366455078	2.283486E-5	0.0
-0.24491526794433593	-1.2259772E-4	0.0
-0.41809609985351565	2.9877655E-4	0.0
-0.5912769165039062	-0.0020668034	0.0
-0.764457763671875	9.0528367E-4	0.0
-0.9376385498046875	0.0020240708	0.0
-1.1108194580078126	-0.0025506096	0.0
-1.284000244140625	-0.009641063	0.0
-1.4571810302734376	-0.0073277	0.0
-1.6303619384765624	7.012331E-4	0.0
