10.8386572265625	-4.782723E-4	0.0
10.6654765625	0.0014268014	0.0
10.4922958984375	4.9200206E-4	0.0
10.319115234375	0.0015476405	0.0
10.1459345703125	0.002058355	0.0
9.97275390625	0.0010704972	0.0
9.799572265625	-0.0027059827	0.0
9.6263916015625	-0.0022025805	0.0
9.4532109375	-1.5981068E-4	0.0
9.2800302734375	-4.208097E-4	0.0
9.106849609375	-0.003732843	0.0
8.9336689453125	-0.0023319754	0.0
8.7604873046875	-3.057441E-4	0.0
8.587306640625	0.001802383	0.0
8.4141259765625	0.0028710105	0.0
8.2409453125	8.3354E-4	0.0
8.06776416015625	1.3400293E-4	0.0
7.89458349609375	8.347534E-4	0.0
7.72140283203125	0.0027941726	0.0
7.5482216796875	1.04676794E-4	0.0
7.375041015625	-0.005080468	0.0
7.2018603515625	-0.0038698653	0.0
7.02867919921875	-0.0015189989	0.0
6.85549853515625	-0.0030332957	0.0
6.68231787109375	-0.0015923405	0.0
6.50913671875	6.252439E-4	0.0
6.3359560546875	0.0029277073	0.0
6.162775390625	0.0013726135	9.024699465953745E-6
5.98959423828125	0.0024277985	2.485931327100843E-4
5.81641357421875	0.0049467036	8.559365523979068E-4
5.64323291015625	0.0034452619	3.686638083308935E-4
5.4700517578125	-1.15824776E-4	1.985037852136884E-5
5.29687109375	-0.0032219398	0.0
5.1236904296875	-9.103024E-4	0.0
4.95050927734375	2.3348676E-4	0.0
4.77732861328125	-0.0048930408	0.0
4.60414794921875	-0.004274606	0.0
4.430966796875	-0.0022180607	0.0
4.2577861328125	6.480062E-4	0.0
4.08460546875	-0.0021246464	0.0
3.911424560546875	-0.0036485002	0.0
3.73824365234375	3.3672462E-4	0.0
3.56506298828125	0.0011177332	0.0
3.391882080078125	0.0018261442	0.0
3.218701171875	0.004174041	0.0
3.0455205078125	5.501631E-4	0.0
2.872339599609375	-0.0015830122	0.0
2.69915869140625	-0.0018141149	0.0
2.52597802734375	-0.0013526778	0.0
2.352797119140625	-2.0967903E-4	0.0
2.1796162109375	0.0015557134	0.0
2.0064354248046876	0.0042151213	0.0
1.833254638671875	7.7513984E-4	0.0
1.6600738525390626	-0.0010511463	0.0
1.4868929443359375	5.372128E-4	0.0
1.313712158203125	-6.1864685E-4	0.0
1.1405313720703125	-0.003693111	0.0
0.9673505249023437	-0.0051036365	0.0
0.794169677734375	-0.0059536956	0.0
